[[269.688,-4.4,-1134.078,0.304,0,0.953,0,1,0,-0.953,0,0.304,0,0,0,8,0],[269.527,-4.4,-1134.079,0.997,0,-0.082,0,1,0,0.082,0,0.997,-12.875,0,-0.058,"S","J"],[269.334,-4.4,-1134.079,1,0,-0.027,0,1,0,0.027,0,1,-15.835,0,-0.072,"S","J"],[269.068,-4.4,-1134.08,1,0,-0.009,0,1,0,0.009,0,1,-15.997,0,-0.073,"S","J"],[268.801,-4.4,-1134.081,1,0,-0.005,0,1,0,0.005,0,1,-16,0,-0.073,"S","J"],[268.468,-4.4,-1134.083,1,0,-0.009,0,1,0,0.009,0,1,-16,0,-0.073,"S","J"],[268.268,-4.4,-1134.084,1,0,-0.009,0,1,0,0.009,0,1,-15.999,0,-0.141,"S","J"],[268.001,-4.4,-1134.087,1,0,-0.009,0,1,0,0.009,0,1,-15.999,0,-0.145,"S","J"],[267.735,-4.4,-1134.089,1,0,-0.009,0,1,0,0.009,0,1,-15.999,0,-0.145,"S","J"],[267.468,-4.4,-1134.092,1,0,-0.009,0,1,0,0.009,0,1,-15.999,0,-0.145,"S","J"],[267.202,-4.4,-1134.094,1,0,-0.009,0,1,0,0.009,0,1,-15.999,0,-0.145,"S","J"],[266.935,-4.4,-1134.096,1,0,-0.009,0,1,0,0.009,0,1,-15.999,0,-0.145,"S","J"],[266.602,-4.4,-1134.099,1,0,-0.009,0,1,0,0.009,0,1,-15.999,0,-0.145,"S","J"],[266.402,-4.4,-1134.101,1,0,-0.009,0,1,0,0.009,0,1,-15.999,0,-0.145,"S","J"],[266.135,-4.4,-1134.104,1,0,-0.009,0,1,0,0.009,0,1,-15.999,0,-0.145,"S","J"],[265.869,-4.434,-1134.106,1,0,-0.009,0,1,0,0.009,0,1,-15.999,-3.27,-0.145,"S","J"],[265.602,-4.466,-1134.109,1,0,-0.009,0,1,0,0.009,0,1,-15.999,-0.39,-0.145,"S","J"],["s","v","S","J"],[265.335,-4.463,-1134.107,1,0,0.009,0,1,0,-0.009,0,1,-16,0.344,0.141,"S","J"],[265.135,-4.458,-1134.105,1,0,0.009,0,1,0,-0.009,0,1,-15.999,0.305,0.145,"S","J"],[264.869,-4.455,-1134.103,1,0,0.009,0,1,0,-0.009,0,1,-15.999,0.188,0.145,"S","J"],[264.602,-4.452,-1134.1,1,0,0.009,0,1,0,-0.009,0,1,-15.999,0.106,0.145,"S","J"],[264.336,-4.451,-1134.098,1,0,0.009,0,1,0,-0.009,0,1,-15.999,0.058,0.145,"S","J"],[264.069,-4.45,-1134.095,1,0,0.009,0,1,0,-0.009,0,1,-15.999,0.032,0.145,"S","J"],[263.802,-4.45,-1134.093,1,0,0.009,0,1,0,-0.009,0,1,-15.999,0.017,0.145,"S","J"],[263.536,-4.45,-1134.09,1,0,0.009,0,1,0,-0.009,0,1,-15.999,0.009,0.145,"S","J"],["s","v","S","J"],[263.269,-4.45,-1134.086,0.998,0,0.068,0,1,0,-0.068,0,0.998,-15.997,0.005,0.288,"S","J"],[263.003,-4.45,-1134.079,0.999,0,0.037,0,1,0,-0.037,0,0.999,-15.994,0.003,0.433,"S","J"],[262.736,-4.45,-1134.071,0.999,0,0.037,0,1,0,-0.037,0,0.999,-15.992,0.002,0.507,"S","J"],[262.47,-4.45,-1134.061,0.999,0,0.041,0,1,0,-0.041,0,0.999,-15.99,0.001,0.579,"S","J"],[262.203,-4.45,-1134.051,0.999,0,0.045,0,1,0,-0.045,0,0.999,-15.987,0,0.652,"S","J"],[261.937,-4.45,-1134.039,0.999,0,0.05,0,1,0,-0.05,0,0.999,-15.984,0,0.724,"S","J"],[261.67,-4.45,-1134.026,0.999,0,0.054,0,1,0,-0.054,0,0.999,-15.98,0,0.797,"S","J"],[261.404,-4.45,-1134.011,0.998,0,0.059,0,1,0,-0.059,0,0.998,-15.976,0,0.869,"S","J"],[261.138,-4.45,-1133.996,0.998,0,0.063,0,1,0,-0.063,0,0.998,-15.972,0,0.942,"S","J"],[260.805,-4.45,-1133.974,0.998,0,0.068,0,1,0,-0.068,0,0.998,-15.968,0,1.015,"S","J"],[260.606,-4.45,-1133.961,0.997,0,0.073,0,1,0,-0.073,0,0.997,-15.963,0,1.084,"S","J"],[260.273,-4.45,-1133.937,0.997,0,0.077,0,1,0,-0.077,0,0.997,-15.958,0,1.16,"S","J"],[260.074,-4.45,-1133.922,0.996,0,0.086,0,1,0,-0.086,0,0.996,-15.953,0,1.229,"S","J"],[259.808,-4.45,-1133.899,0.996,0,0.091,0,1,0,-0.091,0,0.996,-15.941,0,1.375,"S","J"],[259.476,-4.45,-1133.869,0.995,0,0.1,0,1,0,-0.1,0,0.995,-15.934,0,1.45,"S","J"],[259.277,-4.45,-1133.85,0.995,0,0.104,0,1,0,-0.104,0,0.995,-15.921,0,1.587,"S","J"],[259.012,-4.45,-1133.822,0.994,0,0.109,0,1,0,-0.109,0,0.994,-15.913,0,1.665,"S","J"],["s","v","S","J"],[258.713,-4.449,-1133.789,0.99,0.064,0.125,-0.065,0.998,-0.003,-0.125,-0.005,0.992,-17.345,0.082,1.929,"S","J"],[258.508,-4.454,-1133.765,0.993,0.027,0.118,-0.027,1,-0.001,-0.118,-0.002,0.993,-16.017,-0.156,1.889,"S","J"],[258.246,-4.454,-1133.734,0.993,-0.001,0.118,0.001,1,0,-0.118,0,0.993,-15.663,0.096,1.866,"S","J"],[257.984,-4.452,-1133.703,0.992,-0.003,0.122,0.003,1,0,-0.122,0,0.993,-15.814,0.087,1.878,"S","J"],[257.72,-4.451,-1133.671,0.992,-0.001,0.127,0.001,1,0,-0.127,0,0.992,-15.887,0.053,1.955,"S","J"],[257.455,-4.444,-1133.637,0.992,0,0.127,0,1,0,-0.127,0,0.992,-15.882,0.451,2.027,"S","J"],[257.19,-4.438,-1133.603,0.991,0,0.131,0,1,0,-0.131,0,0.991,-15.873,0.313,2.028,"S","J"],[256.926,-4.428,-1133.568,0.991,0,0.131,0,1,0,-0.131,0,0.991,-15.861,0.603,2.098,"S","J"],[256.661,-4.42,-1133.533,0.991,0,0.136,0,1,0,-0.136,0,0.991,-15.861,0.396,2.099,"S","J"],[256.397,-4.416,-1133.497,0.991,0,0.136,0,1,0,-0.136,0,0.991,-15.852,0.227,2.17,"S","J"],[256.133,-4.407,-1133.461,0.99,0,0.14,0,1,0,-0.14,0,0.99,-15.852,0.547,2.171,"S","J"],[255.869,-4.387,-1133.424,0.989,0,0.145,0,1,0,-0.145,0,0.989,-15.842,1.208,2.242,"S","J"],[255.605,-4.371,-1133.385,0.989,0,0.145,0,1,0,-0.145,0,0.989,-15.832,0.802,2.314,"S","J"],[255.341,-4.362,-1133.347,0.989,0,0.149,0,1,0,-0.149,0,0.989,-15.832,0.459,2.315,"S","J"],[255.012,-4.355,-1133.297,0.987,0,0.158,0,1,0,-0.158,0,0.987,-15.821,0.218,2.387,"S","J"],[254.814,-4.353,-1133.266,0.986,0,0.167,0,1,0,-0.167,0,0.986,-15.8,0.139,2.523,"S","J"],[254.551,-4.352,-1133.222,0.984,0,0.181,0,1,0,-0.181,0,0.984,-15.775,0.076,2.671,"S","J"],[254.289,-4.351,-1133.174,0.982,0,0.189,0,1,0,-0.189,0,0.982,-15.738,0.041,2.884,"S","J"],[254.027,-4.35,-1133.124,0.979,0,0.203,0,1,0,-0.203,0,0.979,-15.711,0.022,3.028,"S","J"],[253.766,-4.35,-1133.071,0.976,0,0.216,0,1,0,-0.216,0,0.976,-15.668,0.012,3.24,"S","J"],[253.439,-4.401,-1133.003,0.975,0,0.221,0,1,0,-0.221,0,0.975,-15.668,-4.075,3.245,"S","J"],[253.178,-4.503,-1132.949,0.973,0,0.229,0,1,0,-0.229,0,0.973,-15.668,-7.345,3.245,"S","J"],[252.982,-4.615,-1132.908,0.973,0,0.229,0,1,0,-0.229,0,0.973,-15.668,-9.798,3.245,"S","J"],[252.721,-4.813,-1132.854,0.973,0,0.229,0,1,0,-0.229,0,0.973,-15.668,-13.068,3.245,"S",1],[252.46,-3.95,-1132.8,0.973,0,0.229,0,1,0,-0.229,0,0.973,-15.668,50.547,3.245,3,"J"],[252.135,-2.948,-1132.724,0.936,0,0.351,0,1,0,-0.351,0,0.936,-15.574,46.46,3.667,5,"J"],[251.941,-2.387,-1132.677,0.945,0,0.327,0,1,0,-0.327,0,0.945,-15.558,44.007,3.737,"S","J"],[251.682,-1.688,-1132.615,0.931,0,0.365,0,1,0,-0.365,0,0.931,-15.557,40.737,3.74,"S","J"],[251.424,-1.043,-1132.548,0.926,0,0.378,0,1,0,-0.378,0,0.926,-15.482,37.467,4.03,"S","J"],[251.165,-0.453,-1132.481,0.926,0,0.378,0,1,0,-0.378,0,0.926,-15.48,34.197,4.036,"S","J"],[250.843,0.209,-1132.397,0.913,0,0.408,0,1,0,-0.408,0,0.913,-15.48,30.11,4.036,"S","J"],[250.649,0.565,-1132.347,0.938,0,0.347,0,1,0,-0.347,0,0.938,-15.481,27.657,4.036,"S","J"],[250.391,0.991,-1132.28,0.926,0,0.378,0,1,0,-0.378,0,0.926,-15.48,24.387,4.036,"S","J"],[250.133,1.364,-1132.213,0.926,0,0.378,0,1,0,-0.378,0,0.926,-15.48,21.117,4.036,"S","J"],[249.875,1.682,-1132.146,0.926,0,0.378,0,1,0,-0.378,0,0.926,-15.48,17.847,4.036,"S","J"],[249.617,1.945,-1132.078,0.926,0,0.378,0,1,0,-0.378,0,0.926,-15.48,14.577,4.036,"S","J"],[249.359,2.154,-1132.011,0.926,0,0.378,0,1,0,-0.378,0,0.926,-15.48,11.307,4.036,"S","J"],[249.101,2.308,-1131.944,0.928,0,0.374,0,1,0,-0.374,0,0.928,-15.48,8.037,4.036,"S","J"],[248.843,2.408,-1131.878,0.928,0,0.374,0,1,0,-0.374,0,0.928,-15.498,4.767,3.967,"S","J"],[248.585,2.454,-1131.812,0.928,0,0.374,0,1,0,-0.374,0,0.928,-15.498,1.497,3.966,"S","J"],[248.326,2.445,-1131.746,0.928,0,0.374,0,1,0,-0.374,0,0.928,-15.498,-1.773,3.966,"S","J"],[248.068,2.381,-1131.679,0.928,0,0.374,0,1,0,-0.374,0,0.928,-15.498,-5.043,3.966,"S","J"],[247.752,2.225,-1131.573,0.872,0,0.489,0,1,0,-0.489,0,0.872,-15.08,-9.13,5.337,"S","J"],[247.564,2.09,-1131.506,0.903,0,0.43,0,1,0,-0.43,0,0.903,-15.053,-11.583,5.417,"S","J"],[247.25,1.798,-1131.393,0.87,0,0.493,0,1,0,-0.493,0,0.87,-15.051,-15.67,5.421,"S","J"],[247.063,1.582,-1131.324,0.899,0,0.438,0,1,0,-0.438,0,0.899,-15.029,-18.123,5.486,"S","J"],[246.812,1.245,-1131.232,0.882,0,0.472,0,1,0,-0.472,0,0.882,-15.002,-21.393,5.556,"S","J"],[246.5,0.749,-1131.115,0.861,0,0.509,0,1,0,-0.509,0,0.861,-14.976,-25.48,5.625,"S","J"],[246.314,0.41,-1131.043,0.891,0,0.455,0,1,0,-0.455,0,0.891,-14.928,-27.933,5.754,"S","J"],[246.065,-0.09,-1130.946,0.873,0,0.488,0,1,0,-0.488,0,0.873,-14.899,-31.203,5.828,"S","J"],[245.817,-0.644,-1130.848,0.868,0,0.496,0,1,0,-0.496,0,0.868,-14.872,-34.473,5.895,"S","J"],[245.518,-1.413,-1130.701,0.795,0,0.607,0,1,0,-0.607,0,0.795,-14.225,-38.56,7.321,"S","J"],[245.282,-2.09,-1130.577,0.815,0,0.58,0,1,0,-0.58,0,0.815,-14.151,-41.83,7.466,"S","J"],["s","v",8,0],[245.142,-1.968,-1130.438,0.729,0,0.685,0,1,0,-0.685,0,0.729,-10.567,19.087,11.892,"S","J"],[244.97,-1.6,-1130.235,0.559,0,0.829,0,1,0,-0.829,0,0.559,-10.307,20.633,12.235,"S","J"],[244.798,-1.338,-1130.031,0.379,0,0.925,0,1,0,-0.925,0,0.379,-10.302,12.854,12.242,"S","J"],[244.626,-1.186,-1129.828,0.21,0,0.978,0,1,0,-0.978,0,0.21,-10.356,7.255,12.196,"S","J"],[244.453,-1.101,-1129.625,0.06,0,0.998,0,1,0,-0.998,0,0.06,-10.357,3.991,12.195,"S","J"],[244.28,-1.055,-1129.422,-0.071,0,0.997,0,1,0,-0.997,0,-0.071,-10.357,2.18,12.195,"S","J"],[244.108,-1.03,-1129.218,-0.182,0,0.983,0,1,0,-0.983,0,-0.182,-10.357,1.188,12.195,"S","J"],[243.934,-1.016,-1129.016,-0.276,0,0.961,0,1,0,-0.961,0,-0.276,-10.411,0.647,12.149,"S","J"],[243.762,-1.009,-1128.813,-0.353,0,0.935,0,1,0,-0.935,0,-0.353,-10.358,0.374,12.195,"S","J"],[243.591,-1.005,-1128.608,-0.418,0,0.909,0,1,0,-0.909,0,-0.418,-10.248,0.211,12.287,"S","J"],["s","v","S","J"],[243.399,-1.002,-1128.423,-0.477,0,0.879,0,1,0,-0.879,0,-0.477,-11.692,0.111,10.919,"S","J"],[243.203,-1.001,-1128.242,-0.507,0,0.862,0,1,0,-0.862,0,-0.507,-11.72,0.061,10.892,"S","J"],[243.008,-1,-1128.06,-0.532,0,0.847,0,1,0,-0.847,0,-0.532,-11.721,0.033,10.892,"S","J"],[242.813,-1,-1127.878,-0.553,0,0.833,0,1,0,-0.833,0,-0.553,-11.721,0.018,10.892,"S","J"],["s","v","S","J"],[242.571,-1,-1127.65,-0.595,-0.001,0.804,0,1,0.001,-0.804,0.001,-0.595,-11.6,0.008,10.967,"S","J"],[242.375,-1,-1127.469,-0.607,0,0.795,0,1,0,-0.795,0,-0.607,-11.77,0.004,10.845,"S","J"],[242.178,-1,-1127.289,-0.617,0,0.787,0,1,0,-0.787,0,-0.617,-11.821,0.002,10.79,"S","J"],[241.98,-1,-1127.11,-0.624,0,0.781,0,1,0,-0.781,0,-0.624,-11.867,0.001,10.733,"S","J"],[241.783,-1,-1126.932,-0.631,0,0.776,0,1,0,-0.776,0,-0.631,-11.868,0.001,10.731,"S","J"],[241.585,-1,-1126.753,-0.636,0,0.772,0,1,0,-0.772,0,-0.636,-11.868,0,10.731,"S","J"],[241.387,-1,-1126.574,-0.641,0,0.768,0,1,0,-0.768,0,-0.641,-11.868,0,10.731,"S","J"],[241.189,-1,-1126.395,-0.645,0,0.764,0,1,0,-0.764,0,-0.645,-11.868,0,10.731,"S","J"],[240.992,-1,-1126.216,-0.649,0,0.761,0,1,0,-0.761,0,-0.649,-11.868,0,10.731,"S","J"],[240.794,-1,-1126.037,-0.652,0,0.759,0,1,0,-0.759,0,-0.652,-11.868,0,10.731,"S","J"],[240.547,-1,-1125.813,-0.655,0,0.756,0,1,0,-0.756,0,-0.655,-11.868,0,10.731,"S","J"],[240.349,-1,-1125.634,-0.657,0,0.754,0,1,0,-0.754,0,-0.657,-11.868,0,10.731,"S","J"],[240.151,-1,-1125.455,-0.659,0,0.752,0,1,0,-0.752,0,-0.659,-11.868,0,10.731,"S","J"],[239.953,-1,-1125.276,-0.66,0,0.751,0,1,0,-0.751,0,-0.66,"v","S","J"],[239.755,-1,-1125.097,-0.662,0,0.75,0,1,0,-0.75,0,-0.662,"v","S","J"],[239.558,-1,-1124.918,-0.663,0,0.749,0,1,0,-0.749,0,-0.663,-11.868,0,10.731,"S","J"],[239.36,-1,-1124.739,-0.664,0,0.748,0,1,0,-0.748,0,-0.664,-11.868,0,10.731,"S",1],[239.211,-0.347,-1124.605,0.211,0,0.977,0,1,0,-0.977,0,0.211,-11.868,51.365,10.731,3,"J"],[239.035,0.475,-1124.414,0.126,0,0.992,0,1,0,-0.992,0,0.126,-9.805,48.095,11.925,5,"J"],[238.893,1.242,-1124.203,0.094,0,0.996,0,1,0,-0.996,0,0.094,-7.746,44.825,13.126,"S","J"],[238.785,1.955,-1123.971,0.09,0,0.996,0,1,0,-0.996,0,0.09,-5.693,41.555,14.335,"S","J"],[238.711,2.614,-1123.72,0.099,0,0.995,0,1,0,-0.995,0,0.099,-3.769,38.285,15.468,"S","J"],[238.65,3.218,-1123.461,0.108,0,0.994,0,1,0,-0.994,0,0.108,-3.683,35.015,15.569,"S","J"],[238.587,3.767,-1123.202,0.112,0,0.994,0,1,0,-0.994,0,0.112,-3.819,31.745,15.537,"S","J"],[238.522,4.262,-1122.943,0.117,0,0.993,0,1,0,-0.993,0,0.117,-3.891,28.475,15.52,"S","J"],[238.439,4.804,-1122.62,0.088,0,0.996,0,1,0,-0.996,0,0.088,-3.962,24.387,15.502,"S","J"],[238.389,5.089,-1122.427,0.154,0,0.988,0,1,0,-0.988,0,0.154,-4.029,21.935,15.484,"S","J"],[238.322,5.42,-1122.169,0.121,0,0.993,0,1,0,-0.993,0,0.121,-4.033,18.665,15.483,"S","J"],[238.255,5.697,-1121.911,0.121,0,0.993,0,1,0,-0.993,0,0.121,-4.033,15.395,15.483,"S","J"],[238.188,5.92,-1121.653,0.126,0,0.992,0,1,0,-0.992,0,0.126,-4.033,12.125,15.483,"S","J"],[238.119,6.088,-1121.395,0.126,0,0.992,0,1,0,-0.992,0,0.126,-4.102,8.855,15.465,"S","J"],[238.051,6.201,-1121.137,0.126,0,0.992,0,1,0,-0.992,0,0.126,-4.103,5.585,15.465,"S","J"],[237.983,6.26,-1120.88,0.126,0,0.992,0,1,0,-0.992,0,0.126,-4.103,2.315,15.465,"S","J"],[237.914,6.265,-1120.622,0.126,0,0.992,0,1,0,-0.992,0,0.126,-4.103,-0.955,15.465,"S","J"],[237.829,6.194,-1120.299,0.093,0,0.996,0,1,0,-0.996,0,0.093,-4.103,-5.043,15.465,"S","J"],[237.778,6.111,-1120.106,0.159,0,0.987,0,1,0,-0.987,0,0.159,-4.103,-7.495,15.465,"S","J"],[237.709,5.952,-1119.848,0.126,0,0.992,0,1,0,-0.992,0,0.126,-4.103,-10.765,15.465,"S","J"],[237.641,5.738,-1119.59,0.126,0,0.992,0,1,0,-0.992,0,0.126,-4.103,-14.035,15.465,"S","J"],[237.573,5.47,-1119.333,0.126,0,0.992,0,1,0,-0.992,0,0.126,-4.103,-17.305,15.465,"S","J"],[237.487,5.058,-1119.01,0.093,0,0.996,0,1,0,-0.996,0,0.093,-4.103,-21.393,15.465,"S","J"],[237.436,4.771,-1118.817,0.15,0,0.989,0,1,0,-0.989,0,0.15,-4.103,-23.845,15.465,"S","J"],[237.353,4.223,-1118.494,0.079,0,0.997,0,1,0,-0.997,0,0.079,-3.964,-27.933,15.501,"S","J"],[237.288,3.723,-1118.235,0.108,0,0.994,0,1,0,-0.994,0,0.108,-3.894,-31.203,15.519,"S","J"],[237.224,3.169,-1117.977,0.103,0,0.995,0,1,0,-0.995,0,0.103,-3.823,-34.473,15.536,"S","J"],[237.161,2.56,-1117.717,0.103,0,0.995,0,1,0,-0.995,0,0.103,-3.753,-37.743,15.554,"S","J"],[237.099,1.897,-1117.458,0.103,0,0.995,0,1,0,-0.995,0,0.103,-3.751,-41.013,15.554,"S","J"],[237.052,1.364,-1117.264,0.136,0,0.991,0,1,0,-0.991,0,0.136,-3.751,-43.465,15.554,"S","J"],[236.999,0.606,-1117.002,0.063,0,0.998,0,1,0,-0.998,0,0.063,-3.119,-46.735,15.692,"S","J"],["s","v","S",0],[236.944,-0.207,-1116.742,0.117,0,0.993,0,1,0,-0.993,0,0.117,-3.31,-50.005,15.653,"S","J"],[236.889,-1.075,-1116.481,0.081,0,0.997,0,1,0,-0.997,0,0.081,-3.313,-53.275,15.651,"S","J"],[236.833,-1.997,-1116.22,0.077,0,0.997,0,1,0,-0.997,0,0.077,-3.313,-56.545,15.651,"S","J"],[236.764,-1.795,-1115.894,0.173,0,0.985,0,1,0,-0.985,0,0.173,-3.328,23.539,15.65,7,"J"],[236.722,-1.506,-1115.699,0.208,0,0.978,0,1,0,-0.978,0,0.208,-3.327,21.686,15.65,"S",1],[236.625,-1.231,-1115.451,0.364,0,0.931,0,1,0,-0.931,0,0.364,-6.239,13.519,14.727,8,0],[236.52,-1.071,-1115.206,0.392,0,0.92,0,1,0,-0.92,0,0.392,-6.297,7.632,14.709,"S","J"],[236.415,-0.974,-1114.961,0.393,0,0.919,0,1,0,-0.919,0,0.393,-6.298,4.728,14.708,"S","J"],[236.284,0.096,-1114.654,0.836,0,0.549,0,1,0,-0.549,0,0.836,-6.298,49.73,14.708,3,"J"],[236.201,0.891,-1114.401,0.83,0,0.557,0,1,0,-0.557,0,0.83,-4.245,46.46,15.411,5,1],[236.108,1.631,-1114.154,0.921,0,0.39,0,1,0,-0.39,0,0.921,-6.464,43.19,14.546,"S","J"],[235.978,2.317,-1113.922,0.945,0,0.326,0,1,0,-0.326,0,0.945,-8.51,39.92,13.522,"S","J"],[235.831,2.948,-1113.7,0.948,0,0.318,0,1,0,-0.318,0,0.948,-8.893,36.65,13.311,"S","J"],[235.669,3.525,-1113.488,0.971,0,0.24,0,1,0,-0.24,0,0.971,-9.875,33.38,12.587,"S","J"],[235.494,4.047,-1113.286,0.982,0,0.187,0,1,0,-0.187,0,0.982,-10.556,30.11,12.034,"S","J"],[235.313,4.515,-1113.09,0.986,0,0.164,0,1,0,-0.164,0,0.986,-10.939,26.84,11.689,"S","J"],[235.131,4.928,-1112.896,0.986,0,0.164,0,1,0,-0.164,0,0.986,-10.946,23.57,11.684,"S","J"],[234.948,5.287,-1112.701,0.986,0,0.164,0,1,0,-0.164,0,0.986,-10.948,20.3,11.673,"S","J"],[234.766,5.591,-1112.507,0.986,0,0.164,0,1,0,-0.164,0,0.986,-10.947,17.03,11.678,"S","J"],[234.583,5.841,-1112.312,0.986,0,0.164,0,1,0,-0.164,0,0.986,-10.947,13.76,11.681,"S","J"],[234.445,5.993,-1112.168,0.993,0,0.118,0,1,0,-0.118,0,0.993,-11.096,11.307,11.541,"S","J"],[234.257,6.147,-1111.979,0.992,0,0.128,0,1,0,-0.128,0,0.992,-11.308,8.037,11.322,"S","J"],[234.066,6.247,-1111.792,0.993,0,0.119,0,1,0,-0.119,0,0.993,-11.462,4.767,11.175,"S","J"],[233.898,6.292,-1111.596,0.998,0,-0.069,0,1,0,0.069,0,0.998,-9.274,1.497,12.095,"S","J"],[233.766,6.283,-1111.384,0.976,0,-0.217,0,1,0,0.217,0,0.976,-7.122,-1.773,13.121,"S","J"],[233.669,6.22,-1111.154,0.97,0,-0.243,0,1,0,0.243,0,0.97,-5.008,-5.043,14.223,"S","J"],[233.609,6.101,-1110.908,0.992,0,-0.128,0,1,0,0.128,0,0.992,-2.789,-8.313,15.089,"S",0],[233.581,5.929,-1110.646,0.98,0,-0.2,0,1,0,0.2,0,0.98,-1.176,-11.583,15.908,"S","J"],[233.558,5.702,-1110.381,0.999,0,-0.039,0,1,0,0.039,0,0.999,-1.445,-14.853,15.945,"S","J"],[233.532,5.42,-1110.115,1,0,0.024,0,1,0,-0.024,0,1,-1.592,-18.123,15.936,"S","J"],[233.505,5.084,-1109.85,0.999,0,0.032,0,1,0,-0.032,0,0.999,-1.595,-21.393,15.927,"S","J"],[233.472,4.587,-1109.519,0.983,0,-0.183,0,1,0,0.183,0,0.983,-1.593,-25.48,15.912,"S","J"],[233.444,4.129,-1109.254,0.999,0,-0.043,0,1,0,0.043,0,0.999,-1.666,-28.75,15.925,"S","J"],[233.421,3.615,-1108.988,0.989,0,-0.145,0,1,0,0.145,0,0.989,-1.382,-32.02,15.927,"S","J"],[233.375,3.048,-1108.733,1,0,0.014,0,1,0,-0.014,0,1,-3.517,-35.29,14.878,"S","J"],[233.294,2.425,-1108.496,0.995,0,0.102,0,1,0,-0.102,0,0.995,-5.67,-38.56,13.858,"S","J"],[233.209,1.749,-1108.288,1,0,0.018,0,1,0,-0.018,0,1,-4.766,-41.83,11.64,"S","J"],[233.134,1.017,-1108.119,1,0,0.017,0,1,0,-0.017,0,1,-4.367,-45.1,9.29,"S","J"],[233.064,0.232,-1107.989,0.994,0,0.113,0,1,0,-0.113,0,0.994,-4.127,-48.37,6.919,"S","J"],[232.997,-0.609,-1107.898,0.992,0,0.127,0,1,0,-0.127,0,0.992,-3.908,-51.64,4.546,"S","J"],[232.935,-1.503,-1107.847,0.996,0,0.091,0,1,0,-0.091,0,0.996,-3.624,-54.91,2.179,"S","J"],[232.877,-2.453,-1107.835,0.995,0,0.1,0,1,0,-0.1,0,0.995,-3.359,-58.18,-0.189,"S","J"],["s","v",12,1],[232.908,-2.333,-1106.719,0.997,0,0.077,0,1,0,-0.077,0,0.997,1.833,5.918,66.979,3,"J"],[232.908,-2.269,-1105.624,0.986,0,0.168,0,1,0,-0.168,0,0.986,-0.547,2.648,64.976,5,"J"],[232.895,-2.259,-1104.563,0.979,0,0.204,0,1,0,-0.204,0,0.979,-0.806,-0.622,62.95,"S","J"],["s","v","S",0],[232.88,-2.303,-1103.538,0.943,0,0.332,0,1,0,-0.332,0,0.943,-0.993,-3.892,60.573,"S","J"],[232.866,-2.372,-1102.796,0.905,0,0.425,0,1,0,-0.425,0,0.905,-1.132,-6.344,58.791,"S","J"],[232.839,-2.556,-1101.608,0.822,0,0.569,0,1,0,-0.569,0,0.822,-1.366,-10.432,55.82,"S","J"],[232.815,-2.763,-1100.703,0.739,0,0.673,0,1,0,-0.673,0,0.739,-1.553,-13.702,53.443,"S","J"],[232.787,-3.026,-1099.837,0.643,0,0.766,0,1,0,-0.766,0,0.643,-1.741,-16.972,51.065,"S","J"],[232.749,-2.456,-1099.093,0.458,0,0.889,0,1,0,-0.889,0,0.458,-2.551,42.265,40.808,7,"J"],["s","v",8,"J"],[232.712,-1.633,-1098.318,0.074,0,0.997,0,1,0,-0.997,0,0.074,-0.887,26.058,25.444,"S","J"],[232.711,-1.397,-1098.063,-0.107,0,0.994,0,1,0,-0.994,0,-0.107,0.29,15.934,17.807,"S","J"],[232.729,-1.185,-1097.726,-0.363,0,0.932,0,1,0,-0.932,0,-0.363,0.927,7.312,15.987,"S","J"],[232.747,-1.109,-1097.46,-0.524,0,0.852,0,1,0,-0.852,0,-0.524,1.145,3.333,15.959,"S","J"],[232.77,-1.081,-1097.194,-0.649,0,0.76,0,1,0,-0.76,0,-0.649,1.362,1.078,15.942,"S","J"],[232.793,-1.098,-1096.929,-0.745,0,0.667,0,1,0,-0.667,0,-0.745,1.438,-2.192,15.935,"S","J"],[232.817,-1.103,-1096.663,-0.817,0,0.576,0,1,0,-0.576,0,-0.817,1.439,0.152,15.935,"S","J"],[232.841,-1.127,-1096.397,-0.87,0,0.492,0,1,0,-0.492,0,-0.87,1.439,-1.216,15.935,"S","J"],[232.859,-1.13,-1096.198,-0.9,0,0.435,0,1,0,-0.435,0,-0.9,1.439,0.034,15.935,"S","J"],[232.889,-1.158,-1095.866,-0.937,0,0.349,0,1,0,-0.349,0,-0.937,1.439,-0.632,15.935,"S","J"],[232.913,-1.158,-1095.601,-0.957,0,0.289,0,1,0,-0.289,0,-0.957,1.439,0.177,15.935,"S","J"],[232.931,-1.155,-1095.401,-0.969,0,0.249,0,1,0,-0.249,0,-0.969,1.439,0.194,15.935,"S",1],[232.961,-0.085,-1095.069,-0.983,0,0.184,0,1,0,-0.184,0,-0.983,1.439,49.73,15.935,3,"J"],[232.979,0.516,-1094.87,-0.988,0,0.153,0,1,0,-0.153,0,-0.988,1.439,47.277,15.935,5,"J"],[233.009,1.45,-1094.538,-0.994,0,0.11,0,1,0,-0.11,0,-0.994,1.439,43.19,15.935,"S","J"],[233.033,2.135,-1094.272,-0.997,0,0.082,0,1,0,-0.082,0,-0.997,1.439,39.92,15.935,"S","J"],[233.057,2.767,-1094.007,-0.998,0,0.057,0,1,0,-0.057,0,-0.998,1.439,36.65,15.935,"S","J"],[233.081,3.344,-1093.741,-0.999,0,0.037,0,1,0,-0.037,0,-0.999,1.439,33.38,15.935,"S","J"],[233.105,3.866,-1093.476,-1,0,0.019,0,1,0,-0.019,0,-1,1.439,30.11,15.935,"S","J"],[233.131,4.334,-1093.21,-1,0,0.003,0,1,0,-0.003,0,-1,1.581,26.84,15.922,"S","J"],[233.155,4.649,-1093.012,-1,0,-0.01,0,1,0,0.01,0,-1,1.925,24.387,15.884,"S","J"],[233.199,5.106,-1092.681,-1,0,-0.031,0,1,0,0.031,0,-1,2.159,20.3,15.854,"S","J"],[233.227,5.339,-1092.483,-0.999,0,-0.042,0,1,0,0.042,0,-0.999,2.228,17.847,15.844,"S","J"],[233.264,5.602,-1092.219,-0.998,0,-0.056,0,1,0,0.056,0,-0.998,2.232,14.577,15.844,"S",0],[233.312,5.855,-1091.889,-0.997,0,-0.071,0,1,0,0.071,0,-0.997,2.304,10.49,15.833,"S","J"],["s","v","S","J"],[233.374,5.996,-1091.632,-0.993,0,-0.12,0,1,0,0.12,0,-0.993,4.599,7.22,15.192,"S","J"],[233.47,6.082,-1091.384,-0.987,0,-0.159,0,1,0,0.159,0,-0.987,6.087,3.95,14.785,"S","J"],[233.546,6.111,-1091.199,-0.983,0,-0.184,0,1,0,0.184,0,-0.983,6.077,1.497,14.798,"S","J"],[233.67,6.091,-1090.89,-0.976,0,-0.218,0,1,0,0.218,0,-0.976,5.942,-2.59,14.853,"S","J"],[233.766,6.014,-1090.641,-0.971,0,-0.239,0,1,0,0.239,0,-0.971,5.743,-5.86,14.932,"S","J"],[233.861,5.882,-1090.392,-0.967,0,-0.256,0,1,0,0.256,0,-0.967,5.672,-9.13,14.959,"S","J"],[233.931,5.747,-1090.204,-0.964,0,-0.266,0,1,0,0.266,0,-0.964,5.607,-11.583,14.984,"S","J"],[234.047,5.455,-1089.892,-0.96,0,-0.281,0,1,0,0.281,0,-0.96,5.535,-15.67,15.011,"S","J"],[234.138,5.16,-1089.642,-0.957,0,-0.29,0,1,0,0.29,0,-0.957,5.468,-18.94,15.036,"S","J"],[234.228,4.81,-1089.391,-0.955,0,-0.297,0,1,0,0.297,0,-0.955,5.4,-22.21,15.061,"S","J"],[234.317,4.406,-1089.139,-0.953,0,-0.302,0,1,0,0.302,0,-0.953,5.332,-25.48,15.085,"S","J"],[234.405,3.947,-1088.887,-0.952,0,-0.306,0,1,0,0.306,0,-0.952,5.263,-28.75,15.109,"S","J"],["s","v",8,"J"],[234.51,3.29,-1088.571,-0.943,0,-0.332,0,1,0,0.332,0,-0.943,4.989,-32.838,15.202,"S","J"],[234.593,2.702,-1088.317,-0.944,0,-0.33,0,1,0,0.33,0,-0.944,4.987,-36.107,15.203,"S","J"],[234.634,2.66,-1088.19,-0.944,0,-0.329,0,1,0,0.329,0,-0.944,4.927,-5.078,15.222,"S","J"],[234.716,2.712,-1087.937,-0.945,0,-0.326,0,1,0,0.326,0,-0.945,4.918,4.03,15.225,"S","J"],[234.798,2.772,-1087.683,-0.946,0,-0.323,0,1,0,0.323,0,-0.946,4.918,3.244,15.226,"S","J"],[234.921,2.82,-1087.303,-0.947,0,-0.32,0,1,0,0.32,0,-0.947,4.918,1.409,15.226,"S","J"],[235.003,2.835,-1087.049,-0.948,0,-0.318,0,1,0,0.318,0,-0.948,4.918,0.729,15.226,"S","J"],[235.087,2.842,-1086.796,-0.948,0,-0.318,0,1,0,0.318,0,-0.948,5.053,0.387,15.181,"S","J"],[235.171,2.815,-1086.543,-0.948,0,-0.318,0,1,0,0.318,0,-0.948,5.056,-2.883,15.18,"S","J"],[235.255,2.733,-1086.29,-0.948,0,-0.317,0,1,0,0.317,0,-0.948,5.056,-6.153,15.18,"S","J"],[235.339,2.596,-1086.037,-0.948,0,-0.317,0,1,0,0.317,0,-0.948,5.056,-9.423,15.18,"S","J"],[235.424,2.405,-1085.784,-0.949,0,-0.317,0,1,0,0.317,0,-0.949,5.056,-12.693,15.18,"S","J"],[235.508,2.159,-1085.531,-0.949,0,-0.316,0,1,0,0.316,0,-0.949,5.056,-15.963,15.18,"S","J"],[235.571,1.939,-1085.342,-0.949,0,-0.316,0,1,0,0.316,0,-0.949,5.056,-18.416,15.18,"S","J"],[235.694,1.504,-1085.032,-0.946,0,-0.323,0,1,0,0.323,0,-0.946,6.001,-22.503,14.832,5,"J"],[235.769,1.203,-1084.846,-0.944,0,-0.329,0,1,0,0.329,0,-0.944,6.009,-24.956,14.829,"S","J"],[235.894,0.632,-1084.538,-0.942,0,-0.337,0,1,0,0.337,0,-0.942,6.009,-29.043,14.829,"S","J"],[235.969,0.248,-1084.352,-0.94,0,-0.341,0,1,0,0.341,0,-0.94,6.009,-31.496,14.829,"S","J"],[236.069,-0.311,-1084.105,-0.938,0,-0.346,0,1,0,0.346,0,-0.938,6.009,-34.766,14.829,"S","J"],[236.169,-0.924,-1083.858,-0.937,0,-0.35,0,1,0,0.35,0,-0.937,5.943,-38.036,14.855,7,"J"],[236.289,-1.226,-1083.547,-0.936,0,-0.352,0,1,0,0.352,0,-0.936,5.741,0.262,14.935,"S","J"],[236.38,-1.165,-1083.296,-0.936,0,-0.351,0,1,0,0.351,0,-0.936,5.473,4.163,15.035,8,"J"],[236.469,-1.108,-1083.045,-0.937,0,-0.349,0,1,0,0.349,0,-0.937,5.266,2.902,15.109,"S","J"],[236.576,-1.055,-1082.729,-0.939,0,-0.345,0,1,0,0.345,0,-0.939,5.126,2.215,15.157,"S","J"],[236.66,-1.03,-1082.476,-0.94,0,-0.341,0,1,0,0.341,0,-0.94,5.057,1.29,15.18,"S","J"],["s","v","S","J"],[236.776,-1.012,-1082.093,-0.931,0,-0.365,0,1,0,0.365,0,-0.931,4.572,0.513,15.333,"S","J"],[236.813,-1.008,-1081.965,-0.933,0,-0.36,0,1,0,0.36,0,-0.933,4.511,0.38,15.351,"S","J"],["s","v","S","J"],[236.916,-1.003,-1081.578,-0.94,0,-0.341,0,1,0,0.341,0,-0.94,4.083,0.148,15.47,"S","J"],[236.984,-1.001,-1081.321,-0.944,0,-0.329,0,1,0,0.329,0,-0.944,4.082,0.081,15.471,"S","J"],[237.018,-1.001,-1081.192,-0.946,0,-0.324,0,1,0,0.324,0,-0.946,4.021,0.059,15.486,"S","J"],[237.118,-1,-1080.804,-0.951,0,-0.309,0,1,0,0.309,0,-0.951,4.012,0.023,15.489,"S","J"],[237.185,-1.034,-1080.546,-0.236,0,0.972,0,1,0,-0.972,0,-0.236,4.011,-3.247,15.489,"S",1],[237.252,-0.171,-1080.288,-0.236,0,0.972,0,1,0,-0.972,0,-0.236,4.011,50.547,15.489,3,"J"],[237.318,0.637,-1080.03,-0.327,0,0.945,0,1,0,-0.945,0,-0.327,3.943,47.277,15.507,5,"J"],[237.382,1.391,-1079.771,-0.364,0,0.931,0,1,0,-0.931,0,-0.364,3.872,44.007,15.524,"S","J"],[237.447,2.091,-1079.512,-0.368,0,0.93,0,1,0,-0.93,0,-0.368,3.871,40.737,15.525,"S","J"],[237.511,2.736,-1079.253,-0.369,0,0.93,0,1,0,-0.93,0,-0.369,3.871,37.467,15.525,"S","J"],[237.576,3.326,-1078.994,-0.369,0,0.93,0,1,0,-0.93,0,-0.369,3.871,34.197,15.525,"S","J"],[237.624,3.733,-1078.8,-0.338,0,0.941,0,1,0,-0.941,0,-0.338,3.871,31.745,15.525,"S","J"],[237.689,4.228,-1078.542,-0.369,0,0.93,0,1,0,-0.93,0,-0.369,3.871,28.475,15.525,"S","J"],[237.753,4.669,-1078.283,-0.369,0,0.93,0,1,0,-0.93,0,-0.369,3.871,25.205,15.525,"S","J"],[237.818,5.055,-1078.024,-0.369,0,0.93,0,1,0,-0.93,0,-0.369,3.871,21.935,15.525,"S","J"],[237.882,5.386,-1077.765,-0.369,0,0.93,0,1,0,-0.93,0,-0.369,3.871,18.665,15.525,"S","J"],[237.947,5.663,-1077.506,-0.369,0,0.93,0,1,0,-0.93,0,-0.369,3.871,15.395,15.525,"S","J"],[238.027,5.933,-1077.183,-0.399,0,0.917,0,1,0,-0.917,0,-0.399,3.871,11.307,15.525,"S","J"],[238.076,6.054,-1076.989,-0.338,0,0.941,0,1,0,-0.941,0,-0.338,3.871,8.855,15.525,"S","J"],[238.156,6.187,-1076.665,-0.399,0,0.917,0,1,0,-0.917,0,-0.399,3.871,4.767,15.525,"S","J"],[238.205,6.226,-1076.471,-0.338,0,0.941,0,1,0,-0.941,0,-0.338,3.871,2.315,15.525,"S","J"],[238.285,6.223,-1076.148,-0.399,0,0.917,0,1,0,-0.917,0,-0.399,3.871,-1.773,15.525,"S","J"],[238.334,6.181,-1075.954,-0.338,0,0.941,0,1,0,-0.941,0,-0.338,3.871,-4.225,15.525,"S","J"],[238.414,6.042,-1075.63,-0.399,0,0.917,0,1,0,-0.917,0,-0.399,3.871,-8.313,15.525,"S","J"],[238.479,5.869,-1075.371,-0.369,0,0.93,0,1,0,-0.93,0,-0.369,3.871,-11.583,15.525,"S","J"],[238.543,5.642,-1075.113,-0.369,0,0.93,0,1,0,-0.93,0,-0.369,3.871,-14.853,15.525,"S","J"],[238.608,5.36,-1074.854,-0.373,0,0.928,0,1,0,-0.928,0,-0.373,3.871,-18.123,15.525,"S","J"],["s","v","S",0],[238.693,4.932,-1074.531,-0.411,0,0.912,0,1,0,-0.912,0,-0.411,4.093,-22.21,15.465,"S","J"],[238.744,4.634,-1074.338,-0.355,0,0.935,0,1,0,-0.935,0,-0.355,4.094,-24.663,15.466,"S","J"],[238.813,4.189,-1074.081,-0.39,0,0.921,0,1,0,-0.921,0,-0.39,4.163,-27.933,15.447,"S","J"],[238.884,3.689,-1073.824,-0.398,0,0.917,0,1,0,-0.917,0,-0.398,4.233,-31.203,15.428,"S","J"],[238.956,3.135,-1073.567,-0.398,0,0.917,0,1,0,-0.917,0,-0.398,4.372,-34.473,15.389,"S","J"],[239.029,2.526,-1073.311,-0.398,0,0.917,0,1,0,-0.917,0,-0.398,4.374,-37.743,15.388,"S","J"],[239.102,1.863,-1073.055,-0.402,0,0.916,0,1,0,-0.916,0,-0.402,4.375,-41.013,15.388,"S",1],[239.182,1.146,-1072.8,-0.427,0,0.904,0,1,0,-0.904,0,-0.427,4.849,-44.283,15.246,"S","J"],[239.283,0.172,-1072.483,-0.457,0,0.89,0,1,0,-0.89,0,-0.457,4.858,-48.37,15.243,"S","J"],[239.364,-0.668,-1072.229,-0.427,0,0.904,0,1,0,-0.904,0,-0.427,4.858,-51.64,15.243,"S","J"],[239.425,-1.334,-1072.039,-0.397,0,0.918,0,1,0,-0.918,0,-0.397,4.859,-54.093,15.243,"S","J"],[239.506,-2.27,-1071.785,-0.427,0,0.904,0,1,0,-0.904,0,-0.427,4.858,-57.363,15.243,"S","J"],[239.607,-3.516,-1071.468,-0.457,0,0.89,0,1,0,-0.89,0,-0.457,4.858,-61.45,15.243,"S","J"],[239.666,-3.626,-1071.28,-0.333,0,0.943,0,1,0,-0.943,0,-0.333,4.75,5.447,14.948,8,"J"],[239.765,-2.556,-1070.969,-1,0,-0.02,0,1,0,0.02,0,-1,4.75,49.73,14.948,3,"J"],[239.834,-1.955,-1070.794,-0.998,0,-0.071,0,1,0,0.071,0,-0.998,5.826,47.277,13.521,5,"J"],[239.946,-1.201,-1070.589,-0.992,0,-0.129,0,1,0,0.129,0,-0.992,7.256,44.007,11.614,"S","J"],[240.119,-0.335,-1070.376,-0.986,0,-0.168,0,1,0,0.168,0,-0.986,9.043,39.92,9.23,"S","J"],[240.241,0.144,-1070.273,-0.994,0,-0.107,0,1,0,0.107,0,-0.994,10.115,37.467,7.8,"S","J"],[240.425,0.734,-1070.163,-0.99,0,-0.14,0,1,0,0.14,0,-0.99,11.536,34.197,5.887,"S","J"],[240.687,1.395,-1070.07,-0.985,0,-0.173,0,1,0,0.173,0,-0.985,13.312,30.11,3.495,"S","J"],[240.924,1.863,-1070.032,-0.99,0,-0.14,0,1,0,0.14,0,-0.99,14.733,26.84,1.582,"S","J"],[241.117,2.178,-1070.024,-0.994,0,-0.107,0,1,0,0.107,0,-0.994,15.791,24.387,0.158,"S","J"],[241.383,2.551,-1070.025,-0.99,0,-0.14,0,1,0,0.14,0,-0.99,15.995,21.117,-0.117,"S","J"],[241.716,2.939,-1070.028,-0.985,0,-0.173,0,1,0,0.173,0,-0.985,15.999,17.03,-0.123,"S","J"],[241.916,3.132,-1070.029,-0.994,0,-0.107,0,1,0,0.107,0,-0.994,16,14.577,-0.123,"S","J"],[242.25,3.385,-1070.032,-0.985,0,-0.173,0,1,0,0.173,0,-0.985,16,10.49,-0.123,"S","J"],[242.583,3.552,-1070.029,-0.988,0,-0.155,0,1,0,0.155,0,-0.988,15.997,6.402,0.155,"S","J"],[242.783,3.612,-1070.027,-0.996,0,-0.089,0,1,0,0.089,0,-0.996,15.998,3.95,0.157,"S","J"],[243.116,3.643,-1070.024,-0.988,0,-0.155,0,1,0,0.155,0,-0.988,15.997,-0.138,0.158,"S","J"],[243.316,3.621,-1070.021,-0.996,0,-0.089,0,1,0,0.089,0,-0.996,15.998,-2.59,0.158,"S","J"],["s","v","S",0],[243.581,3.543,-1069.995,-0.999,0,0.036,0,1,0,-0.036,0,-0.999,15.797,-5.86,2.402,"S","J"],[243.844,3.412,-1069.951,-0.999,0,0.036,0,1,0,-0.036,0,-0.999,15.773,-9.13,2.675,"S","J"],[244.106,3.225,-1069.906,-0.999,0,0.05,0,1,0,-0.05,0,-0.999,15.772,-12.4,2.681,"S","J"],[244.369,2.985,-1069.858,-0.997,0,0.077,0,1,0,-0.077,0,-0.997,15.735,-15.67,2.891,"S","J"],[244.63,2.689,-1069.804,-0.994,0,0.113,0,1,0,-0.113,0,-0.994,15.652,-18.94,3.314,"S","J"],[244.889,2.34,-1069.74,-0.989,0,0.149,0,1,0,-0.149,0,-0.989,15.521,-22.21,3.877,"S","J"],[245.145,1.936,-1069.668,-0.987,0,0.158,0,1,0,-0.158,0,-0.987,15.37,-25.48,4.438,"S","J"],[245.401,1.477,-1069.592,-0.987,0,0.158,0,1,0,-0.158,0,-0.987,15.326,-28.75,4.585,"S",1],[245.72,0.827,-1069.496,-0.992,0,0.125,0,1,0,-0.125,0,-0.992,15.326,-32.838,4.588,"S",0],[245.98,0.245,-1069.444,-0.999,0,-0.032,0,1,0,0.032,0,-0.999,15.789,-36.108,2.25,"S","J"],[246.245,-0.39,-1069.416,-0.999,0,-0.032,0,1,0,0.032,0,-0.999,15.916,-39.378,1.615,"S","J"],[246.511,-1.081,-1069.389,-0.999,0,-0.032,0,1,0,0.032,0,-0.999,15.918,-42.648,1.603,"S","J"],[246.776,-1.826,-1069.362,-0.999,0,-0.037,0,1,0,0.037,0,-0.999,15.917,-45.918,1.603,"S","J"],[247.108,-2.833,-1069.33,-0.998,0,-0.07,0,1,0,0.07,0,-0.998,15.924,-50.005,1.531,"S","J"],[247.307,-3.479,-1069.311,-1,0,-0.003,0,1,0,0.003,0,-1,15.925,-52.458,1.53,"S","J"],[247.572,-4.387,-1069.285,-0.999,0,-0.037,0,1,0,0.037,0,-0.999,15.924,-55.728,1.53,"S","J"],["s","v","S","J"],[247.903,-5.599,-1069.291,-0.961,0,-0.277,0,1,0,0.277,0,-0.961,15.831,-59.815,-1.461,"S","J"],[248.101,-6.367,-1069.319,-0.967,0,-0.256,0,1,0,0.256,0,-0.967,15.8,-62.268,-2.457,"S","J"],[248.43,-6.198,-1069.373,-0.978,0,-0.208,0,1,0,0.208,0,-0.978,15.791,23.204,-2.577,7,"J"],[248.627,-5.926,-1069.406,-0.985,0,-0.173,0,1,0,0.173,0,-0.985,15.779,20.139,-2.648,"S","J"],[248.89,-5.673,-1069.451,-0.985,0,-0.175,0,1,0,0.175,0,-0.985,15.767,12.339,-2.722,8,"J"],[249.152,-5.528,-1069.497,-0.985,0,-0.175,0,1,0,0.175,0,-0.985,15.754,6.936,-2.793,"S","J"],[249.415,-5.447,-1069.544,-0.984,0,-0.179,0,1,0,0.179,0,-0.984,15.754,3.811,-2.795,"S","J"],[249.677,-5.403,-1069.591,-0.984,0,-0.179,0,1,0,0.179,0,-0.984,15.741,2.081,-2.865,"S","J"],[249.922,-5.379,-1069.694,-0.898,0,-0.44,0,1,0,0.44,0,-0.898,14.539,1.134,-6.655,"S","J"],[250.103,-5.368,-1069.779,-0.897,0,-0.441,0,1,0,0.441,0,-0.897,14.458,0.719,-6.852,"S","J"],[250.343,-5.36,-1069.895,-0.895,0,-0.446,0,1,0,0.446,0,-0.895,14.392,0.391,-6.991,"S","J"],[250.642,-5.355,-1070.043,-0.893,0,-0.449,0,1,0,0.449,0,-0.893,14.327,0.183,-7.123,"S","J"],[250.82,-5.353,-1070.133,-0.889,0,-0.457,0,1,0,0.457,0,-0.889,14.296,0.116,-7.186,"S","J"],[251.058,-5.351,-1070.255,-0.889,0,-0.457,0,1,0,0.457,0,-0.889,14.229,0.063,-7.316,"S","J"],[251.295,-5.351,-1070.377,-0.889,0,-0.457,0,1,0,0.457,0,-0.889,14.228,0.034,-7.318,"S","J"],[251.591,-5.35,-1070.53,-0.889,0,-0.457,0,1,0,0.457,0,-0.889,14.228,0.016,-7.319,"S","J"],[251.769,-5.35,-1070.621,-0.889,0,-0.457,0,1,0,0.457,0,-0.889,14.228,0.01,-7.319,"S","J"],[252.065,-5.35,-1070.774,-0.889,0,-0.457,0,1,0,0.457,0,-0.889,14.228,0.005,-7.319,"S","J"],[252.303,-5.35,-1070.896,-0.889,0,-0.457,0,1,0,0.457,0,-0.889,14.228,0.003,-7.319,"S","J"],[252.54,-5.35,-1071.018,-0.889,0,-0.457,0,1,0,0.457,0,-0.889,14.228,0.001,-7.319,"S","J"],[252.777,-5.35,-1071.14,-0.889,0,-0.457,0,1,0,0.457,0,-0.889,14.228,0.001,-7.319,"S","J"],[252.955,-5.35,-1071.231,-0.889,0,-0.457,0,1,0,0.457,0,-0.889,14.228,0,-7.319,"S","J"],[253.192,-5.35,-1071.354,-0.889,0,-0.457,0,1,0,0.457,0,-0.889,14.228,0,-7.319,"S","J"],[253.488,-5.35,-1071.506,-0.889,0,-0.457,0,1,0,0.457,0,-0.889,14.228,0,-7.319,"S","J"],[253.666,-5.35,-1071.598,-0.889,0,-0.457,0,1,0,0.457,0,-0.889,14.228,0,-7.319,"S","J"],[253.903,-5.35,-1071.72,-0.889,0,-0.457,0,1,0,0.457,0,-0.889,14.228,0,-7.319,"S","J"],[254.14,-5.35,-1071.842,-0.889,0,-0.457,0,1,0,0.457,0,-0.889,14.228,0,-7.319,"S","J"],[254.377,-5.35,-1071.964,-0.881,0,-0.473,0,1,0,0.473,0,-0.881,14.228,0,-7.319,"S","J"],[254.613,-5.35,-1072.089,-0.863,0,-0.505,0,1,0,0.505,0,-0.863,14.096,0,-7.57,"S","J"],[254.901,-5.35,-1072.256,-0.827,0,-0.563,0,1,0,0.563,0,-0.827,13.811,0,-8.078,"S","J"],[255.068,-5.35,-1072.367,-0.769,0,-0.639,0,1,0,0.639,0,-0.769,13.258,0,-8.954,"S","J"],[255.327,-5.35,-1072.577,-0.708,0,-0.706,0,1,0,0.706,0,-0.708,12.317,0,-10.211,"S","J"],[255.518,-5.35,-1072.762,-0.641,0,-0.767,0,1,0,0.767,0,-0.641,11.353,0,-11.273,"S","J"],[255.649,-5.35,-1072.913,-0.588,0,-0.809,0,1,0,0.809,0,-0.588,10.321,0,-12.222,"S","J"],[255.808,-5.35,-1073.127,-0.554,0,-0.832,0,1,0,0.832,0,-0.554,9.423,0,-12.93,"S","J"],[256.004,-5.401,-1073.397,-0.547,0,-0.837,0,1,0,0.837,0,-0.547,9.405,-4.087,-12.944,"S","J"],[256.121,-5.473,-1073.559,-0.539,0,-0.842,0,1,0,0.842,0,-0.539,9.405,-6.54,-12.944,"S","J"],[256.278,-5.616,-1073.775,-0.531,0,-0.847,0,1,0,0.847,0,-0.531,9.405,-9.81,-12.944,"S",1],[256.435,-4.753,-1073.991,-0.52,0,-0.854,0,1,0,0.854,0,-0.52,9.405,50.547,-12.944,3,"J"],[256.577,-3.944,-1074.216,-0.427,0,-0.904,0,1,0,0.904,0,-0.427,8.348,47.277,-13.648,5,"J"],[256.713,-3.19,-1074.445,-0.377,0,-0.926,0,1,0,0.926,0,-0.377,8.135,44.007,-13.778,"S","J"],[256.845,-2.491,-1074.677,-0.364,0,-0.931,0,1,0,0.931,0,-0.364,7.884,40.737,-13.923,"S","J"],[256.975,-1.846,-1074.91,-0.364,0,-0.931,0,1,0,0.931,0,-0.364,7.755,37.467,-13.995,"S","J"],[257.104,-1.256,-1075.144,-0.364,0,-0.931,0,1,0,0.931,0,-0.364,7.752,34.197,-13.997,"S","J"],[257.233,-0.72,-1075.377,-0.364,0,-0.931,0,1,0,0.931,0,-0.364,7.752,30.927,-13.997,"S","J"],[257.362,-0.238,-1075.61,-0.364,0,-0.931,0,1,0,0.931,0,-0.364,7.752,27.657,-13.997,"S","J"],[257.491,0.188,-1075.844,-0.364,0,-0.931,0,1,0,0.931,0,-0.364,7.752,24.387,-13.997,"S",0],[257.62,0.561,-1076.077,-0.364,0,-0.931,0,1,0,0.931,0,-0.364,7.752,21.117,-13.997,"S","J"],[257.75,0.879,-1076.311,-0.364,0,-0.931,0,1,0,0.931,0,-0.364,7.752,17.847,-13.997,"S","J"],[257.911,1.2,-1076.602,-0.333,0,-0.943,0,1,0,0.943,0,-0.333,7.752,13.76,-13.997,"S","J"],[258.008,1.351,-1076.777,-0.395,0,-0.919,0,1,0,0.919,0,-0.395,7.752,11.307,-13.997,"S","J"],[258.137,1.505,-1077.011,-0.364,0,-0.931,0,1,0,0.931,0,-0.364,7.752,8.037,-13.997,"S","J"],[258.299,1.622,-1077.303,-0.333,0,-0.943,0,1,0,0.943,0,-0.333,7.752,3.95,-13.997,"S","J"],[258.395,1.651,-1077.478,-0.395,0,-0.919,0,1,0,0.919,0,-0.395,7.752,1.497,-13.997,"S","J"],[258.525,1.642,-1077.711,-0.364,0,-0.931,0,1,0,0.931,0,-0.364,7.752,-1.773,-13.997,"S","J"],[258.686,1.554,-1078.003,-0.328,0,-0.945,0,1,0,0.945,0,-0.328,7.752,-5.86,-13.997,"S","J"],[258.782,1.46,-1078.178,-0.391,0,-0.921,0,1,0,0.921,0,-0.391,7.692,-8.313,-14.03,"S","J"],[258.91,1.287,-1078.412,-0.36,0,-0.933,0,1,0,0.933,0,-0.36,7.689,-11.583,-14.032,"S","J"],[259.071,0.995,-1078.704,-0.328,0,-0.945,0,1,0,0.945,0,-0.328,7.688,-15.67,-14.032,"S","J"],[259.167,0.779,-1078.88,-0.391,0,-0.921,0,1,0,0.921,0,-0.391,7.688,-18.123,-14.032,"S","J"],[259.327,0.35,-1079.172,-0.328,0,-0.945,0,1,0,0.945,0,-0.328,7.688,-22.21,-14.032,"S","J"],[259.455,-0.054,-1079.406,-0.36,0,-0.933,0,1,0,0.933,0,-0.36,7.688,-25.48,-14.032,"S","J"],[259.583,-0.513,-1079.64,-0.364,0,-0.931,0,1,0,0.931,0,-0.364,7.688,-28.75,-14.032,"S","J"],[259.68,-0.893,-1079.815,-0.455,0,-0.89,0,1,0,0.89,0,-0.455,7.749,-31.202,-13.998,7,"J"],[259.809,-1.374,-1080.048,-0.479,0,-0.878,0,1,0,0.878,0,-0.479,7.752,-16.935,-13.997,"S","J"],[259.971,-1.363,-1080.34,-0.496,0,-0.868,0,1,0,0.868,0,-0.496,7.752,4.193,-13.997,8,"J"],[260.069,-1.312,-1080.514,-0.516,0,-0.857,0,1,0,0.857,0,-0.516,7.932,3.857,-13.895,"S","J"],[260.206,-1.263,-1080.743,-0.531,0,-0.847,0,1,0,0.847,0,-0.531,8.249,2.404,-13.71,"S","J"],[260.347,-1.234,-1080.969,-0.547,0,-0.837,0,1,0,0.837,0,-0.547,8.497,1.357,-13.557,"S","J"],[260.493,-1.219,-1081.193,-0.566,0,-0.825,0,1,0,0.825,0,-0.566,8.742,0.746,-13.401,"S","J"],[260.68,-1.217,-1081.468,-0.584,0,-0.812,0,1,0,0.812,0,-0.584,9.046,0.005,-13.197,"S","J"],[260.796,-1.213,-1081.631,-0.602,0,-0.798,0,1,0,0.798,0,-0.602,9.33,0.36,-12.998,"S","J"],[260.996,-1.207,-1081.898,-0.606,0,-0.795,0,1,0,0.795,0,-0.606,9.636,0.254,-12.773,"S","J"],[261.158,-1.203,-1082.11,-0.606,0,-0.795,0,1,0,0.795,0,-0.606,9.695,0.147,-12.728,"S","J"],[261.279,-1.202,-1082.269,-0.606,0,-0.795,0,1,0,0.795,0,-0.606,9.696,0.095,-12.728,"S","J"],[261.481,-1.201,-1082.534,-0.606,0,-0.795,0,1,0,0.795,0,-0.606,9.696,0.045,-12.728,"S","J"],[261.602,-1.2,-1082.693,-0.606,0,-0.795,0,1,0,0.795,0,-0.606,9.696,0.028,-12.728,"S","J"],[261.804,-1.2,-1082.958,-0.606,0,-0.795,0,1,0,0.795,0,-0.606,9.696,0.013,-12.728,"S","J"],[261.926,-1.2,-1083.116,-0.606,0,-0.795,0,1,0,0.795,0,-0.606,9.696,0.008,-12.728,"S","J"],[262.128,-1.2,-1083.381,-0.602,0,-0.798,0,1,0,0.798,0,-0.602,9.696,0.004,-12.728,"S","J"],[262.248,-1.2,-1083.541,-0.595,0,-0.804,0,1,0,0.804,0,-0.595,9.641,0.002,-12.769,"S","J"],[262.447,-1.2,-1083.809,-0.595,0,-0.804,0,1,0,0.804,0,-0.595,9.523,0.001,-12.858,"S",1],[262.566,-0.547,-1083.969,-0.591,0,-0.806,0,1,0,0.806,0,-0.591,9.523,51.365,-12.858,3,"J"],[262.763,0.472,-1084.238,-0.488,0,-0.873,0,1,0,0.873,0,-0.488,9.464,47.277,-12.901,5,"J"],[262.881,1.042,-1084.399,-0.51,0,-0.86,0,1,0,0.86,0,-0.51,9.463,44.825,-12.901,"S","J"],[263.039,1.755,-1084.614,-0.48,0,-0.878,0,1,0,0.878,0,-0.48,9.463,41.555,-12.901,"S","J"],[263.236,2.57,-1084.882,-0.45,0,-0.893,0,1,0,0.893,0,-0.45,9.463,37.467,-12.901,"S","J"],[263.355,3.018,-1085.044,-0.508,0,-0.861,0,1,0,0.861,0,-0.508,9.463,35.015,-12.901,"S","J"],[263.512,3.567,-1085.258,-0.479,0,-0.878,0,1,0,0.878,0,-0.479,9.463,31.745,-12.901,"S","J"],[263.67,4.062,-1085.473,-0.479,0,-0.878,0,1,0,0.878,0,-0.479,9.463,28.475,-12.901,"S","J"],[263.828,4.503,-1085.688,-0.479,0,-0.878,0,1,0,0.878,0,-0.479,9.463,25.205,-12.901,"S",0],[264.025,4.977,-1085.957,-0.45,0,-0.893,0,1,0,0.893,0,-0.45,9.463,21.117,-12.901,"S","J"],[264.183,5.295,-1086.172,-0.491,0,-0.871,0,1,0,0.871,0,-0.491,9.463,17.847,-12.901,"S","J"],[264.343,5.558,-1086.385,-0.511,0,-0.86,0,1,0,0.86,0,-0.511,9.634,14.577,-12.774,"S","J"],[264.466,5.72,-1086.542,-0.562,0,-0.827,0,1,0,0.827,0,-0.562,9.91,12.125,-12.561,"S","J"],[264.679,5.921,-1086.798,-0.521,0,-0.854,0,1,0,0.854,0,-0.521,10.261,8.037,-12.277,"S","J"],[264.81,6.001,-1086.95,-0.588,0,-0.809,0,1,0,0.809,0,-0.588,10.472,5.585,-12.096,"S","J"],[264.987,6.06,-1087.149,-0.568,0,-0.823,0,1,0,0.823,0,-0.568,10.644,2.315,-11.946,"S","J"],[265.166,6.065,-1087.347,-0.579,0,-0.815,0,1,0,0.815,0,-0.579,10.754,-0.955,-11.847,"S","J"],[265.393,5.994,-1087.591,-0.567,0,-0.824,0,1,0,0.824,0,-0.567,10.915,-5.043,-11.699,"S","J"],[265.531,5.91,-1087.735,-0.631,0,-0.776,0,1,0,0.776,0,-0.631,11.115,-7.495,-11.508,"S","J"],[265.7