[[34.211,-16.498,-1096.757,-0.939,0,-0.343,0,1,0,0.343,0,-0.939,0,0,0,8,0],["s","v","S","J"],[34.314,-16.498,-1096.726,-0.248,0,-0.969,0,1,0,0.969,0,-0.248,9.86,0,2.981,"S","J"],[34.55,-16.498,-1096.655,-0.273,0,-0.962,0,1,0,0.962,0,-0.273,15.158,0,4.582,"S","J"],[34.805,-16.498,-1096.578,-0.287,0,-0.958,0,1,0,0.958,0,-0.287,15.312,0,4.629,"S","J"],[35.06,-16.498,-1096.501,-0.289,0,-0.957,0,1,0,0.957,0,-0.289,15.315,0,4.63,"S","J"],[35.315,-16.498,-1096.424,-0.289,0,-0.957,0,1,0,0.957,0,-0.289,15.315,0,4.63,"S","J"],[35.57,-16.498,-1096.346,-0.289,0,-0.957,0,1,0,0.957,0,-0.289,15.315,0,4.63,"S","J"],[35.826,-16.498,-1096.269,-0.289,0,-0.957,0,1,0,0.957,0,-0.289,"v","S","J"],[36.081,-16.498,-1096.192,-0.289,0,-0.957,0,1,0,0.957,0,-0.289,"v","S","J"],[36.336,-16.498,-1096.115,-0.298,0,-0.955,0,1,0,0.955,0,-0.298,"v","S","J"],[36.591,-16.498,-1096.036,-0.302,0,-0.953,0,1,0,0.953,0,-0.302,15.274,0,4.766,"S","J"],[36.845,-16.498,-1095.955,-0.307,0,-0.952,0,1,0,0.952,0,-0.307,15.251,0,4.837,"S","J"],[37.099,-16.498,-1095.874,-0.315,0,-0.949,0,1,0,0.949,0,-0.315,15.229,0,4.906,"S","J"],[37.352,-16.498,-1095.79,-0.324,0,-0.946,0,1,0,0.946,0,-0.324,15.185,0,5.042,"S","J"],[37.605,-16.498,-1095.704,-0.337,0,-0.942,0,1,0,0.942,0,-0.337,15.138,0,5.18,"S","J"],[37.856,-16.498,-1095.615,-0.345,0,-0.938,0,1,0,0.938,0,-0.345,15.067,0,5.384,"S","J"],[38.106,-16.498,-1095.523,-0.354,0,-0.935,0,1,0,0.935,0,-0.354,15.017,0,5.522,"S",1],[38.356,-15.624,-1095.431,-0.354,0,-0.935,0,1,0,0.935,0,-0.354,15.017,51.365,5.522,3,"J"],[38.606,-14.802,-1095.337,-0.354,0,-0.935,0,1,0,0.935,0,-0.354,14.966,48.095,5.658,5,"J"],[38.855,-14.035,-1095.243,-0.354,0,-0.935,0,1,0,0.935,0,-0.354,14.965,44.825,5.661,"S","J"],[39.105,-13.322,-1095.149,-0.354,0,-0.935,0,1,0,0.935,0,-0.354,14.965,41.555,5.661,"S","J"],[39.354,-12.663,-1095.054,-0.354,0,-0.935,0,1,0,0.935,0,-0.354,14.965,38.285,5.661,"S","J"],[39.604,-12.059,-1094.96,-0.354,0,-0.935,0,1,0,0.935,0,-0.354,14.965,35.015,5.661,"S","J"],[39.853,-11.51,-1094.866,-0.354,0,-0.935,0,1,0,0.935,0,-0.354,14.965,31.745,5.661,"S","J"],[40.103,-11.015,-1094.772,-0.354,0,-0.935,0,1,0,0.935,0,-0.354,14.965,28.475,5.661,"S","J"],[40.352,-10.574,-1094.677,-0.354,0,-0.935,0,1,0,0.935,0,-0.354,14.965,25.205,5.661,"S","J"],[40.601,-10.188,-1094.583,-0.354,0,-0.935,0,1,0,0.935,0,-0.354,14.965,21.935,5.661,"S","J"],[40.851,-9.857,-1094.489,-0.354,0,-0.935,0,1,0,0.935,0,-0.354,14.965,18.665,5.661,"S",0],[41.1,-9.58,-1094.395,-0.354,0,-0.935,0,1,0,0.935,0,-0.354,14.965,15.395,5.661,"S","J"],[41.35,-9.357,-1094.301,-0.354,0,-0.935,0,1,0,0.935,0,-0.354,14.965,12.125,5.661,"S","J"],[41.599,-9.189,-1094.206,-0.354,0,-0.935,0,1,0,0.935,0,-0.354,14.965,8.855,5.661,"S","J"],[41.848,-9.076,-1094.112,-0.354,0,-0.935,0,1,0,0.935,0,-0.354,14.965,5.585,5.661,"S","J"],[42.098,-9.017,-1094.018,-0.354,0,-0.935,0,1,0,0.935,0,-0.354,14.965,2.315,5.661,"S","J"],[42.347,-9.012,-1093.924,-0.354,0,-0.935,0,1,0,0.935,0,-0.354,14.965,-0.955,5.661,"S","J"],[42.597,-9.062,-1093.829,-0.354,0,-0.935,0,1,0,0.935,0,-0.354,14.965,-4.225,5.661,"S","J"],[42.846,-9.167,-1093.735,-0.354,0,-0.935,0,1,0,0.935,0,-0.354,14.965,-7.495,5.661,"S","J"],[43.096,-9.326,-1093.641,-0.354,0,-0.935,0,1,0,0.935,0,-0.354,14.965,-10.765,5.661,"S","J"],[43.345,-9.539,-1093.547,-0.354,0,-0.935,0,1,0,0.935,0,-0.354,14.965,-14.035,5.661,"S","J"],[43.594,-9.807,-1093.452,-0.354,0,-0.935,0,1,0,0.935,0,-0.354,14.965,-17.305,5.661,"S","J"],[43.844,-10.13,-1093.358,-0.354,0,-0.935,0,1,0,0.935,0,-0.354,14.965,-20.575,5.661,"S","J"],[44.093,-10.506,-1093.264,-0.354,0,-0.935,0,1,0,0.935,0,-0.354,14.965,-23.845,5.661,"S","J"],[44.405,-11.054,-1093.146,-0.354,0,-0.935,0,1,0,0.935,0,-0.354,14.965,-27.933,5.661,"S","J"],[44.592,-11.424,-1093.075,-0.354,0,-0.935,0,1,0,0.935,0,-0.354,14.965,-30.385,5.661,"S","J"],[44.841,-11.964,-1092.981,-0.354,0,-0.935,0,1,0,0.935,0,-0.354,14.965,-33.655,5.661,"S","J"],[45.091,-12.559,-1092.887,-0.354,0,-0.935,0,1,0,0.935,0,-0.354,14.965,-36.925,5.661,"S","J"],[45.34,-13.209,-1092.793,-0.354,0,-0.935,0,1,0,0.935,0,-0.354,14.965,-40.195,5.661,"S","J"],[45.59,-13.691,-1092.698,-0.354,0,-0.935,0,1,0,0.935,0,-0.354,14.965,-10.613,5.661,7,"J"],[45.839,-13.682,-1092.604,-0.354,0,-0.935,0,1,0,0.935,0,-0.354,14.965,3.366,5.661,"S","J"],[46.089,-13.561,-1092.51,-0.354,0,-0.935,0,1,0,0.935,0,-0.354,14.965,7.507,5.661,8,"J"],[46.338,-13.401,-1092.416,-0.354,0,-0.935,0,1,0,0.935,0,-0.354,14.965,9.213,5.661,"S","J"],[46.587,-13.282,-1092.322,-0.354,0,-0.935,0,1,0,0.935,0,-0.354,14.965,5.827,5.661,"S","J"],[46.837,-13.152,-1092.227,-0.354,0,-0.935,0,1,0,0.935,0,-0.354,14.965,7.53,5.661,"S","J"],[47.086,-12.994,-1092.133,-0.354,0,-0.935,0,1,0,0.935,0,-0.354,14.965,9.018,5.661,"S","J"],[47.336,-12.878,-1092.039,-0.354,0,-0.935,0,1,0,0.935,0,-0.354,14.965,5.688,5.661,"S","J"],[47.585,-12.75,-1091.945,-0.354,0,-0.935,0,1,0,0.935,0,-0.354,14.965,7.449,5.661,"S","J"],[47.835,-12.593,-1091.85,-0.354,0,-0.935,0,1,0,0.935,0,-0.354,14.965,8.972,5.661,"S",1],[48.084,-11.73,-1091.756,-0.354,0,-0.935,0,1,0,0.935,0,-0.354,14.965,50.547,5.661,3,"J"],[48.333,-10.922,-1091.662,-0.354,0,-0.935,0,1,0,0.935,0,-0.354,14.965,47.277,5.661,5,"J"],[48.583,-10.168,-1091.568,-0.354,0,-0.935,0,1,0,0.935,0,-0.354,14.965,44.007,5.661,"S","J"],[48.832,-9.468,-1091.473,-0.354,0,-0.935,0,1,0,0.935,0,-0.354,14.965,40.737,5.661,"S","J"],[49.082,-8.823,-1091.379,-0.35,0,-0.937,0,1,0,0.937,0,-0.35,14.965,37.467,5.661,"S","J"],[49.331,-8.233,-1091.286,-0.342,0,-0.94,0,1,0,0.94,0,-0.342,14.99,34.197,5.594,"S","J"],[49.582,-7.697,-1091.195,-0.337,0,-0.941,0,1,0,0.941,0,-0.337,15.04,30.927,5.459,"S","J"],[49.833,-7.216,-1091.105,-0.333,0,-0.943,0,1,0,0.943,0,-0.333,15.065,27.657,5.39,"S",0],[50.084,-6.789,-1091.016,-0.329,0,-0.944,0,1,0,0.944,0,-0.329,15.089,24.387,5.321,"S","J"],[50.336,-6.416,-1090.928,-0.324,0,-0.946,0,1,0,0.946,0,-0.324,15.113,21.117,5.253,"S","J"],[50.589,-6.098,-1090.842,-0.32,0,-0.947,0,1,0,0.947,0,-0.32,15.137,17.847,5.184,"S","J"],[50.841,-5.835,-1090.756,-0.316,0,-0.949,0,1,0,0.949,0,-0.316,15.16,14.577,5.115,"S","J"],[51.094,-5.626,-1090.672,-0.316,0,-0.949,0,1,0,0.949,0,-0.316,15.183,11.307,5.046,"S","J"],[51.347,-5.472,-1090.588,-0.311,0,-0.95,0,1,0,0.95,0,-0.311,15.184,8.037,5.045,"S","J"],[51.601,-5.372,-1090.505,-0.307,0,-0.952,0,1,0,0.952,0,-0.307,15.206,4.767,4.978,"S","J"],[51.854,-5.327,-1090.423,-0.307,0,-0.952,0,1,0,0.952,0,-0.307,15.228,1.497,4.908,"S","J"],[52.108,-5.336,-1090.341,-0.307,0,-0.952,0,1,0,0.952,0,-0.307,15.229,-1.773,4.907,"S","J"],[52.362,-5.399,-1090.259,-0.303,0,-0.953,0,1,0,0.953,0,-0.303,15.229,-5.043,4.907,"S","J"],[52.616,-5.517,-1090.179,-0.303,0,-0.953,0,1,0,0.953,0,-0.303,15.251,-8.313,4.839,"S","J"],[52.87,-5.69,-1090.098,-0.302,0,-0.953,0,1,0,0.953,0,-0.302,15.251,-11.583,4.838,"S","J"],[53.124,-5.502,-1090.018,-0.302,0,-0.953,0,1,0,0.953,0,-0.302,15.251,16.013,4.838,7,"J"],[53.379,-5.266,-1089.937,-0.298,0,-0.955,0,1,0,0.955,0,-0.298,15.251,12.248,4.838,"S","J"],[53.633,-5.121,-1089.857,-0.289,0,-0.957,0,1,0,0.957,0,-0.289,15.272,6.869,4.77,8,"J"],[53.888,-5.041,-1089.78,-0.272,0,-0.962,0,1,0,0.962,0,-0.272,15.315,3.772,4.633,"S","J"],[54.145,-5,-1089.707,-0.254,0,-0.967,0,1,0,0.967,0,-0.254,15.395,1.88,4.357,"S","J"],[54.402,-4.98,-1089.638,-0.241,0,-0.97,0,1,0,0.97,0,-0.241,15.472,0.889,4.077,"S","J"],[54.661,-4.97,-1089.573,-0.228,0,-0.974,0,1,0,0.974,0,-0.228,15.526,0.463,3.864,"S","J"],[54.921,-4.973,-1089.512,-0.219,0,-0.976,0,1,0,0.976,0,-0.219,15.578,-0.331,3.652,"S","J"],[55.181,-4.992,-1089.453,-0.21,0,-0.978,0,1,0,0.978,0,-0.21,15.61,-0.397,3.51,"S","J"],[55.441,-4.989,-1089.396,-0.197,0,-0.98,0,1,0,0.98,0,-0.197,15.642,0.259,3.368,"S","J"],[55.703,-4.985,-1089.343,-0.188,0,-0.982,0,1,0,0.982,0,-0.188,15.686,0.216,3.156,"S","J"],[55.964,-4.983,-1089.293,-0.179,0,-0.984,0,1,0,0.984,0,-0.179,15.714,0.13,3.012,"S","J"],[56.227,-4.981,-1089.245,-0.179,0,-0.984,0,1,0,0.984,0,-0.179,15.741,0.073,2.869,"S","J"],[56.489,-4.98,-1089.197,-0.175,0,-0.985,0,1,0,0.985,0,-0.175,15.741,0.04,2.866,"S","J"],[56.752,-4.98,-1089.15,-0.17,0,-0.985,0,1,0,0.985,0,-0.17,15.754,0.022,2.796,"S","J"],[57.08,-4.979,-1089.093,-0.17,0,-0.985,0,1,0,0.985,0,-0.17,15.766,0.01,2.724,"S","J"],[57.277,-4.979,-1089.059,-0.17,0,-0.985,0,1,0,0.985,0,-0.17,15.767,0.006,2.723,"S","J"],[57.54,-4.979,-1089.014,-0.17,0,-0.985,0,1,0,0.985,0,-0.17,15.767,0.004,2.723,"S","J"],[57.803,-4.979,-1088.968,-0.175,0,-0.985,0,1,0,0.985,0,-0.175,15.767,0.002,2.723,"S","J"],[58.065,-4.979,-1088.922,-0.179,0,-0.984,0,1,0,0.984,0,-0.179,15.754,0.001,2.793,"S","J"],[58.328,-4.979,-1088.874,-0.188,0,-0.982,0,1,0,0.982,0,-0.188,15.741,0.001,2.865,"S","J"],[58.59,-4.979,-1088.824,-0.193,0,-0.981,0,1,0,0.981,0,-0.193,15.715,0,3.006,"S","J"],[58.851,-4.979,-1088.773,-0.197,0,-0.98,0,1,0,0.98,0,-0.197,15.701,0,3.079,"S","J"],[59.113,-4.979,-1088.721,-0.206,0,-0.979,0,1,0,0.979,0,-0.206,15.687,0,3.15,"S","J"],[59.374,-4.979,-1088.666,-0.215,0,-0.977,0,1,0,0.977,0,-0.215,15.658,0,3.291,"S","J"],[59.634,-4.979,-1088.609,-0.224,0,-0.975,0,1,0,0.975,0,-0.224,15.627,0,3.433,"S","J"],[59.894,-4.979,-1088.55,-0.228,0,-0.974,0,1,0,0.974,0,-0.228,15.596,0,3.575,"S","J"],[60.154,-4.979,-1088.49,-0.232,0,-0.973,0,1,0,0.973,0,-0.232,15.579,0,3.647,"S","J"],[60.414,-4.979,-1088.428,-0.232,0,-0.973,0,1,0,0.973,0,-0.232,15.562,0,3.717,"S","J"],[60.673,-4.979,-1088.366,-0.232,0,-0.973,0,1,0,0.973,0,-0.232,15.562,0,3.719,"S","J"],[60.932,-4.979,-1088.304,-0.232,0,-0.973,0,1,0,0.973,0,-0.232,15.562,0,3.719,"S","J"],[61.192,-4.979,-1088.242,-0.232,0,-0.973,0,1,0,0.973,0,-0.232,15.562,0,3.719,"S","J"],[61.451,-4.979,-1088.18,-0.232,0,-0.973,0,1,0,0.973,0,-0.232,"v","S","J"],[61.71,-4.979,-1088.118,-0.232,0,-0.973,0,1,0,0.973,0,-0.232,"v","S","J"],[61.97,-4.979,-1088.056,-0.232,0,-0.973,0,1,0,0.973,0,-0.232,15.562,0,3.719,"S","J"],[62.229,-4.979,-1087.994,-0.232,0,-0.973,0,1,0,0.973,0,-0.232,15.562,0,3.719,"S",1],[62.488,-4.106,-1087.932,-0.232,0,-0.973,0,1,0,0.973,0,-0.232,15.562,51.365,3.719,3,"J"],[62.748,-3.284,-1087.87,-0.232,0,-0.973,0,1,0,0.973,0,-0.232,15.562,48.095,3.719,5,"J"],[63.007,-2.517,-1087.808,-0.232,0,-0.973,0,1,0,0.973,0,-0.232,15.562,44.825,3.719,"S","J"],[63.267,-1.803,-1087.746,-0.232,0,-0.973,0,1,0,0.973,0,-0.232,15.562,41.555,3.719,"S","J"],[63.526,-1.145,-1087.684,-0.232,0,-0.973,0,1,0,0.973,0,-0.232,15.562,38.285,3.719,"S","J"],[63.785,-0.541,-1087.622,-0.232,0,-0.973,0,1,0,0.973,0,-0.232,15.562,35.015,3.719,"S","J"],[64.045,0.009,-1087.56,-0.232,0,-0.973,0,1,0,0.973,0,-0.232,15.562,31.745,3.719,"S","J"],[64.304,0.504,-1087.498,-0.228,0,-0.974,0,1,0,0.974,0,-0.228,15.562,28.475,3.719,"S","J"],[64.564,0.944,-1087.437,-0.224,0,-0.975,0,1,0,0.975,0,-0.224,15.578,25.205,3.65,"S","J"],[64.824,1.33,-1087.377,-0.224,0,-0.975,0,1,0,0.975,0,-0.224,15.595,21.935,3.579,"S",0],[65.083,1.662,-1087.317,-0.22,0,-0.976,0,1,0,0.976,0,-0.22,15.595,18.665,3.577,"S","J"],[65.344,1.939,-1087.259,-0.215,0,-0.977,0,1,0,0.977,0,-0.215,15.611,15.395,3.508,"S","J"],[65.604,2.161,-1087.201,-0.215,0,-0.977,0,1,0,0.977,0,-0.215,15.626,12.125,3.437,"S","J"],[65.864,2.329,-1087.144,-0.211,0,-0.978,0,1,0,0.978,0,-0.211,15.627,8.855,3.436,"S","J"],[66.125,2.443,-1087.088,-0.206,0,-0.978,0,1,0,0.978,0,-0.206,15.642,5.585,3.366,"S","J"],[66.386,2.502,-1087.033,-0.206,0,-0.979,0,1,0,0.979,0,-0.206,15.657,2.315,3.295,"S","J"],[66.647,2.506,-1086.978,-0.202,0,-0.979,0,1,0,0.979,0,-0.202,15.657,-0.955,3.294,"S","J"],[66.908,2.456,-1086.924,-0.202,0,-0.979,0,1,0,0.979,0,-0.202,15.672,-4.225,3.224,"S","J"],[67.169,2.352,-1086.871,-0.201,0,-0.98,0,1,0,0.98,0,-0.201,15.672,-7.495,3.223,"S","J"],[67.431,2.193,-1086.817,-0.197,0,-0.98,0,1,0,0.98,0,-0.197,15.672,-10.765,3.223,"S","J"],[67.692,1.979,-1086.764,-0.197,0,-0.98,0,1,0,0.98,0,-0.197,15.686,-14.035,3.153,"S","J"],[67.953,1.711,-1086.711,-0.197,0,-0.98,0,1,0,0.98,0,-0.197,15.687,-17.305,3.152,"S","J"],[68.215,1.389,-1086.659,-0.197,0,-0.98,0,1,0,0.98,0,-0.197,15.687,-20.575,3.152,"S","J"],[68.476,1.012,-1086.606,-0.197,0,-0.98,0,1,0,0.98,0,-0.197,15.687,-23.845,3.152,"S","J"],[68.738,0.58,-1086.553,-0.197,0,-0.98,0,1,0,0.98,0,-0.197,15.687,-27.115,3.152,"S","J"],[68.999,0.094,-1086.5,-0.197,0,-0.98,0,1,0,0.98,0,-0.197,15.687,-30.385,3.152,"S","J"],["s","v",8,1],[69.261,0.968,-1086.448,-0.219,0,-0.976,0,1,0,0.976,0,-0.219,15.687,51.365,3.152,3,"J"],[69.501,1.79,-1086.382,-0.308,0,-0.951,0,1,0,0.951,0,-0.308,13.687,48.095,4.449,5,"J"],[69.605,2.541,-1086.316,-0.288,-0.053,-0.956,0.002,0.998,-0.055,0.958,-0.018,-0.287,3.282,42.904,3.915,"S","J"],[69.576,3.201,-1086.247,-0.26,-0.069,-0.963,0.006,0.997,-0.073,0.965,-0.025,-0.259,-4.707,37.126,4.232,"S","J"],[69.51,3.786,-1086.147,-0.317,-0.036,-0.948,0.001,0.999,-0.038,0.949,-0.012,-0.316,-3.78,33.888,6.973,"S","J"],[69.35,4.302,-1086.033,-0.306,-0.045,-0.951,-0.001,0.999,-0.047,0.952,-0.013,-0.306,-8.166,29.435,7.716,"S","J"],[69.235,4.758,-1085.88,-0.325,-0.025,-0.945,-0.003,1,-0.026,0.946,-0.005,-0.325,-6.399,26.184,9.982,"S","J"],[69.139,5.161,-1085.693,-0.328,-0.007,-0.945,-0.003,1,-0.006,0.945,0.001,-0.328,-5.371,22.905,11.955,"S","J"],[69.061,5.508,-1085.473,-0.33,0,-0.944,-0.001,1,0,0.944,0.001,-0.33,-4.261,19.633,13.928,"S","J"],[69.001,5.802,-1085.222,-0.325,0.001,-0.946,0,1,0.001,0.946,0.001,-0.325,-3.287,16.363,15.557,"S",0],[68.967,6.04,-1084.958,-0.234,0,-0.972,0,1,0,0.972,0,-0.234,-1.707,13.093,15.901,"S","J"],["s","v","S","J"],[68.926,6.224,-1084.694,-0.282,0.003,-0.959,-0.001,1,0.004,0.959,0.002,-0.282,-2.564,9.823,15.791,"S","J"],[68.883,6.354,-1084.432,-0.29,0.002,-0.957,0,1,0.002,0.957,0.001,-0.29,-2.598,6.553,15.78,"S","J"],[68.84,6.429,-1084.168,-0.291,0,-0.957,0,1,0,0.957,0,-0.291,-2.581,3.283,15.791,"S","J"],[68.808,6.45,-1083.971,-0.259,0,-0.966,0,1,0,0.966,0,-0.259,-2.571,0.83,15.795,"S","J"],[68.79,6.416,-1083.65,-0.298,0,-0.955,0,1,0,0.955,0,-0.298,0.331,-3.257,15.115,"S","J"],[68.82,6.328,-1083.404,-0.264,0,-0.965,0,1,0,0.965,0,-0.264,2.65,-6.527,14.57,"S","J"],[68.9,6.703,-1082.971,-0.17,0,-0.986,0,1,0,0.986,0,-0.17,1.714,11.197,9.07,12,"J"],[68.86,6.842,-1082.872,-0.166,0.007,-0.986,-0.001,1,0.007,0.986,0.002,-0.166,-2.057,7.068,4.987,5,"J"],[68.834,7.019,-1082.812,-0.166,0.002,-0.986,0,1,0.002,0.986,0.001,-0.166,-1.19,11.114,2.777,12,"J"],["s","v","S",1],[68.819,7.924,-1082.806,-0.996,-0.001,0.084,-0.001,1,0,-0.084,0,-0.996,-0.217,41.37,-0.04,8,"J"],[68.816,8.787,-1082.808,-0.997,0,0.076,0,1,-0.001,-0.076,0,-0.997,-0.207,50.551,-0.193,3,"J"],[68.813,9.595,-1082.809,-1,0,0.007,0,1,0,-0.007,0,-1,-0.156,47.264,-0.006,5,"J"],[68.812,10.349,-1082.809,-1,0,-0.031,0,1,0,0.031,0,-1,-0.026,43.996,0.004,"S","J"],[68.514,11.043,-1082.865,-0.999,-0.015,-0.035,-0.015,1,-0.004,0.035,-0.004,-0.999,-0.842,40.333,-0.133,"S","J"],[68.478,11.678,-1082.871,-0.998,-0.011,-0.067,-0.011,1,-0.002,0.067,-0.002,-0.998,-0.188,36.768,-0.001,"S","J"],[68.464,12.254,-1082.874,-0.995,-0.005,-0.102,-0.004,1,-0.001,0.102,0,-0.995,0.005,33.361,0.001,"S","J"],[68.487,12.776,-1082.868,-0.268,0.001,-0.963,-0.002,1,0.001,0.963,0.002,-0.268,2.221,30.091,0.576,"S","J"],[68.548,13.243,-1082.851,-0.267,0,-0.964,0,1,0.001,0.964,0.001,-0.267,4.499,26.821,1.233,"S","J"],[68.647,13.656,-1082.824,-0.268,0,-0.964,0,1,0,0.964,0,-0.268,6.797,23.551,1.885,"S","J"],[68.784,14.015,-1082.786,-0.268,0,-0.964,0,1,0,0.964,0,-0.268,9.096,20.281,2.527,"S","J"],[68.912,14.319,-1082.75,-0.268,0,-0.964,0,1,0,0.964,0,-0.268,6.801,17.011,1.89,"S","J"],[68.944,14.561,-1082.718,-0.247,-0.014,-0.969,0.001,1,-0.015,0.969,-0.005,-0.247,0.903,13.122,1.704,"S","J"],[68.897,14.745,-1082.635,-0.263,-0.008,-0.965,0.001,1,-0.009,0.965,-0.003,-0.263,-3.469,9.855,5.501,"S","J"],[68.863,14.875,-1082.547,-0.192,-0.002,-0.981,0,1,-0.002,0.981,0,-0.192,-1.161,6.583,5.183,"S","J"],[68.868,14.951,-1082.464,-0.192,0,-0.981,0,1,0,0.981,0,-0.192,1.15,3.313,4.876,"S","J"],[68.897,14.972,-1082.405,-0.193,0,-0.981,0,1,0,0.981,0,-0.193,2.908,0.861,4.654,"S","J"],[68.933,14.94,-1082.31,-0.177,-0.01,-0.984,0.001,1,-0.01,0.984,-0.003,-0.177,0.443,-3.148,4.005,"S","J"],[68.369,15.517,-1082.366,0.71,-0.004,-0.704,0.002,1,-0.004,0.704,0.002,0.71,-0.708,40.461,1.919,7,"J"],[68.354,16.152,-1082.337,0.731,0.002,-0.682,0,1,0.002,0.682,-0.001,0.731,-1.231,36.479,1.684,"S","J"],[68.347,16.726,-1082.328,-0.176,0,-0.984,0,1,0,0.984,0,-0.176,-0.052,33.208,0.104,8,"J"],[68.346,17.378,-1082.326,-0.188,-0.001,-0.982,0,1,-0.001,0.982,0,-0.188,-0.052,51.365,0.104,3,"J"],[68.382,18.397,-1082.317,-0.191,-0.001,-0.982,0,1,-0.001,0.982,0,-0.191,2.897,47.278,0.667,5,"J"],[68.455,19.151,-1082.302,-0.192,0,-0.981,0,1,0,0.981,0,-0.192,5.235,44.008,1.107,"S",0],[68.566,19.85,-1082.278,-0.193,0,-0.981,0,1,0,0.981,0,-0.193,7.574,40.738,1.548,"S","J"],[68.614,20.465,-1082.325,-0.24,-0.003,-0.971,-0.003,1,-0.002,0.971,0.003,-0.24,4.152,35.666,-2.136,"S","J"],[68.668,21.018,-1082.381,-0.211,-0.004,-0.978,-0.002,1,-0.004,0.978,0.001,-0.211,4.878,31.936,-2.281,"S","J"],[68.771,21.516,-1082.408,-0.195,-0.002,-0.981,0,1,-0.001,0.981,0,-0.195,7.019,28.666,-1.214,"S","J"],[68.776,21.842,-1082.407,-0.158,-0.008,-0.987,0.003,1,-0.008,0.987,-0.004,-0.158,0.217,25.256,0.398,"S","J"],[68.741,22.221,-1082.412,-0.149,-0.005,-0.989,-0.001,1,-0.005,0.989,0,-0.149,-1.218,21.349,-0.195,"S","J"],["s","v",12,"J"],[68.733,22.433,-1082.396,-0.121,-0.001,-0.993,0,1,-0.001,0.993,0,-0.121,-0.222,11.419,0.678,"S","J"],[68.731,22.62,-1082.392,-0.157,0,-0.988,0,1,0,0.988,0,-0.157,-0.029,11.221,0.072,"S","J"],[68.731,22.807,-1082.392,-0.161,0,-0.987,0,1,0,0.987,0,-0.161,-0.004,11.203,0.008,"S","J"],[68.731,22.994,-1082.392,-0.161,0,-0.987,0,1,0,0.987,0,-0.161,0.001,11.199,0.001,"S","J"],[68.731,23.18,-1082.392,-0.161,0,-0.987,0,1,0,0.987,0,-0.161,0.001,11.199,0,"S","J"],[68.731,23.367,-1082.392,-0.161,0,-0.987,0,1,0,0.987,0,-0.161,0,11.2,0,"S","J"],[68.731,23.554,-1082.392,-0.161,0,-0.987,0,1,0,0.987,0,-0.161,0,11.2,0,"S","J"],["s","v","S",1],[68.602,24.103,-1082.499,-0.891,0.003,-0.453,0.002,1,0.002,0.453,0.001,-0.891,0.49,35.057,-8.358,8,"J"],[68.594,25.187,-1082.677,-0.909,0.006,-0.416,0.005,1,0.004,0.416,0.001,-0.909,0.254,50.55,-8.433,3,"J"],[68.609,25.996,-1082.864,-0.848,0.004,-0.53,0.003,1,0.003,0.53,0.001,-0.848,4.073,47.349,-12.005,5,"J"],[68.616,26.567,-1083.039,-0.84,0.002,-0.542,0.001,1,0.002,0.542,0.001,-0.84,5.168,44.875,-13.86,"S","J"],[68.63,27.276,-1083.304,-0.82,0.001,-0.572,0.001,1,0.001,0.572,0.001,-0.82,5.783,41.344,-15.809,"S","J"],[68.66,28.078,-1083.661,-0.782,-0.002,-0.623,-0.001,1,-0.002,0.623,0,-0.782,6.228,36.823,-16.82,"S","J"],[68.74,28.656,-1083.954,-0.763,-0.004,-0.646,-0.003,1,-0.003,0.646,-0.001,-0.764,6.439,33.371,-17.075,"S",0],[68.898,29.3,-1084.281,-0.487,-0.001,-0.874,-0.001,1,-0.001,0.874,0,-0.487,8.345,29.283,-14.797,"S",1],[69.052,29.754,-1084.508,-0.464,0,-0.886,0,1,0,0.886,0,-0.464,9.725,26.014,-12.867,"S","J"],[69.207,30.154,-1084.725,-0.398,0,-0.917,0,1,0,0.917,0,-0.398,9.239,22.744,-13.062,"S","J"],[69.347,30.499,-1084.952,-0.327,0,-0.945,0,1,0,0.945,0,-0.327,8.281,19.474,-13.685,"S","J"],[69.471,30.789,-1085.188,-0.244,0,-0.97,0,1,0,0.97,0,-0.244,7.206,16.204,-14.28,"S","J"],[69.574,31.025,-1085.433,-0.173,0,-0.985,0,1,0,0.985,0,-0.173,5.957,12.934,-14.845,"S","J"],[69.613,31.165,-1085.63,-0.174,-0.017,-0.985,-0.003,1,-0.016,0.985,0,-0.175,0.496,10.155,-16.633,"S","J"],[69.677,31.326,-1085.962,-0.085,-0.02,-0.996,-0.002,1,-0.02,0.996,0,-0.085,4.223,6.088,-15.53,"S","J"],[69.727,31.381,-1086.156,-0.117,-0.009,-0.993,0.001,1,-0.009,0.993,-0.002,-0.117,3.932,3.633,-15.546,"S","J"],[69.787,31.408,-1086.416,-0.061,-0.001,-0.998,0.001,1,-0.002,0.998,-0.001,-0.061,3.505,0.362,-15.606,"S",0],[69.852,31.364,-1086.743,-0.004,0,-1,0,1,0,1,0,-0.004,3.073,-3.726,-15.69,"S","J"],[69.887,31.297,-1086.94,-0.053,0,-0.999,0,1,0,0.999,0,-0.053,2.724,-6.178,-15.76,"S","J"],[69.938,31.117,-1087.269,0.018,0,-1,0,1,0,1,0,0.018,2.422,-10.266,-15.813,"S","J"],[69.968,30.969,-1087.467,-0.048,0,-0.999,0,1,0,0.999,0,-0.048,2.354,-12.718,-15.825,"S","J"],[70.017,30.653,-1087.796,0.018,0,-1,0,1,0,1,0,0.018,2.351,-16.806,-15.824,"S","J"],[70.056,30.339,-1088.06,-0.011,0,-1,0,1,0,1,0,-0.011,2.351,-20.076,-15.824,"S","J"],[70.094,29.97,-1088.324,0.003,0,-1,0,1,0,1,0,0.003,2.281,-23.346,-15.835,"S","J"],[70.12,29.658,-1088.522,-0.021,0,-1,0,1,0,1,0,-0.021,2.075,-25.798,-15.863,"S","J"],[70.153,29.194,-1088.786,0.012,0,-1,0,1,0,1,0,0.012,1.923,-29.068,-15.882,"S","J"],[70.193,28.537,-1089.117,0.045,0,-0.999,0,1,0,0.999,0,0.045,1.92,-33.156,-15.882,"S","J"],["s","v","S","J"],[70.249,27.795,-1089.446,-0.018,0,-1,0,1,0,1,0,-0.018,2.777,-37.243,-15.755,"S","J"],[70.283,27.309,-1089.643,-0.076,0,-0.997,0,1,0,0.997,0,-0.076,2.783,-39.696,-15.755,"S","J"],[70.33,26.613,-1089.906,-0.042,0,-0.999,0,1,0,0.999,0,-0.042,2.783,-42.966,-15.754,"S","J"],[70.376,25.863,-1090.168,-0.042,0,-0.999,0,1,0,0.999,0,-0.042,2.783,-46.236,-15.754,"S","J"],[70.423,25.059,-1090.431,-0.14,0,-0.99,0,1,0,0.99,0,-0.14,2.797,-49.506,-15.754,7,"J"],[70.469,24.918,-1090.694,-0.172,0,-0.985,0,1,0,0.985,0,-0.172,2.795,2.999,-15.754,"S","J"],[70.516,25.021,-1090.956,-0.17,0,-0.985,0,1,0,0.985,0,-0.17,2.795,6.369,-15.754,8,"J"],[70.561,25.106,-1091.219,-0.166,0,-0.986,0,1,0,0.986,0,-0.166,2.725,4.217,-15.766,"S","J"],[70.606,25.156,-1091.482,-0.148,0,-0.989,0,1,0,0.989,0,-0.148,2.653,2.414,-15.778,"S","J"],[70.646,25.185,-1091.746,-0.13,0,-0.992,0,1,0,0.992,0,-0.13,2.371,1.333,-15.823,"S","J"],[70.69,25.203,-1092.076,-0.116,0,-0.993,0,1,0,0.993,0,-0.116,2.08,0.627,-15.864,"S","J"],["s","v","S","J"],["s","v","S","J"],[70.728,25.211,-1092.407,-0.069,0,-0.998,0,1,0,0.998,0,-0.069,1.791,0.293,-15.899,"S","J"],[70.75,25.214,-1092.606,-0.109,0,-0.994,0,1,0,0.994,0,-0.109,1.789,0.186,-15.9,"S","J"],[70.78,25.216,-1092.871,-0.111,0,-0.994,0,1,0,0.994,0,-0.111,1.789,0.101,-15.9,"S","J"],["s","v","S","J"],[70.806,25.217,-1093.137,-0.049,0,-0.999,0,1,0,0.999,0,-0.049,1.506,0.055,-15.929,"S","J"],[70.83,25.218,-1093.402,-0.085,0,-0.996,0,1,0,0.996,0,-0.085,1.429,0.03,-15.936,"S","J"],[70.854,25.218,-1093.668,-0.084,0,-0.996,0,1,0,0.996,0,-0.084,1.428,0.016,-15.936,"S","J"],[70.876,25.218,-1093.934,-0.085,0,-0.996,0,1,0,0.996,0,-0.085,1.357,0.009,-15.942,"S","J"],[70.899,25.218,-1094.199,-0.085,0,-0.996,0,1,0,0.996,0,-0.085,1.356,0.005,-15.942,"S","J"],[70.922,25.219,-1094.465,-0.085,0,-0.996,0,1,0,0.996,0,-0.085,1.356,0.003,-15.942,"S","J"],[70.944,25.184,-1094.731,-0.08,0,-0.997,0,1,0,0.997,0,-0.08,1.356,-3.267,-15.942,"S","J"],[70.967,25.096,-1094.996,-0.076,0,-0.997,0,1,0,0.997,0,-0.076,1.356,-6.537,-15.942,"S","J"],[70.995,24.909,-1095.328,-0.071,0,-0.997,0,1,0,0.997,0,-0.071,1.356,-10.625,-15.942,"S","J"],[71.012,24.755,-1095.527,-0.067,0,-0.998,0,1,0,0.998,0,-0.067,1.356,-13.077,-15.942,"S",1],[71.034,25.618,-1095.793,-0.067,0,-0.998,0,1,0,0.998,0,-0.067,1.356,50.547,-15.942,3,"J"],[71.053,26.427,-1096.059,0.025,0,-1,0,1,0,1,0,0.025,1.072,47.277,-15.964,5,"J"],[71.048,27.181,-1096.325,0.192,0,-0.981,0,1,0,0.981,0,0.192,-0.922,44.007,-15.963,"S","J"],[71.03,27.88,-1096.591,0.196,0,-0.981,0,1,0,0.981,0,0.196,-1.051,40.737,-15.963,"S","J"],[71.013,28.525,-1096.858,0.197,0,-0.98,0,1,0,0.98,0,0.197,-1.054,37.467,-15.963,"S","J"],[70.995,29.115,-1097.124,0.201,0,-0.98,0,1,0,0.98,0,0.201,-1.054,34.197,-15.963,"S","J"],[70.977,29.651,-1097.39,0.219,0,-0.976,0,1,0,0.976,0,0.219,-1.125,30.927,-15.958,"S","J"],[70.948,30.244,-1097.722,0.269,0,-0.963,0,1,0,0.963,0,0.269,-1.414,26.84,-15.935,"S","J"],[70.927,30.559,-1097.921,0.226,0,-0.974,0,1,0,0.974,0,0.226,-1.689,24.387,-15.908,"S","J"],[70.894,30.932,-1098.185,0.276,0,-0.961,0,1,0,0.961,0,0.276,-2.058,21.117,-15.865,"S","J"],[70.855,31.25,-1098.449,0.289,0,-0.957,0,1,0,0.957,0,0.289,-2.347,17.847,-15.825,"S","J"],[70.813,31.513,-1098.712,0.302,0,-0.953,0,1,0,0.953,0,0.302,-2.564,14.577,-15.791,"S","J"],[70.795,31.722,-1098.972,0.44,0,-0.898,0,1,0,0.898,0,0.44,-0.201,11.307,-15.453,"S","J"],[70.816,31.876,-1099.226,0.433,0,-0.902,0,1,0,0.902,0,0.433,2.16,8.037,-15.116,"S","J"],[70.877,31.976,-1099.474,0.432,0,-0.902,0,1,0,0.902,0,0.432,4.52,4.767,-14.778,"S","J"],[70.976,32.022,-1099.717,0.435,0,-0.9,0,1,0,0.9,0,0.435,6.644,1.497,-14.476,"S","J"],[71.089,32.013,-1099.958,0.436,0,-0.9,0,1,0,0.9,0,0.436,6.788,-1.773,-14.476,"S","J"],[71.202,31.949,-1100.199,0.436,0,-0.9,0,1,0,0.9,0,0.436,6.791,-5.043,-14.476,"S","J"],[71.315,31.831,-1100.441,0.436,0,-0.9,0,1,0,0.9,0,0.436,6.791,-8.313,-14.476,"S","J"],[71.445,31.658,-1100.663,0.374,0,-0.927,0,1,0,0.927,0,0.374,8.411,-11.583,-12.722,"S","J"],[71.11,32.271,-1100.64,-0.581,-0.006,-0.814,-0.004,1,-0.004,0.814,0.001,-0.581,-1.426,42.395,-4.205,7,"J"],[71.083,32.936,-1100.702,-0.618,-0.002,-0.786,-0.001,1,-0.001,0.786,0,-0.618,-0.948,38.547,-3.67,"S","J"],[71.069,33.544,-1100.737,-0.589,0,-0.808,0,1,0,0.808,0,-0.589,-0.55,35.232,-1.305,8,"J"],[71.06,34.407,-1100.759,0.337,0,-0.941,0,1,0,0.941,0,0.337,-0.55,50.547,-1.305,3,"J"],[71.075,35.215,-1100.788,0.342,0,-0.94,0,1,0,0.94,0,0.342,1.756,47.277,-1.929,5,"J"],[71.128,35.969,-1100.826,0.343,0,-0.939,0,1,0,0.939,0,0.343,4.056,44.007,-2.549,"S","J"],[71.22,36.669,-1100.875,0.344,0,-0.939,0,1,0,0.939,0,0.344,6.357,40.737,-3.168,"S",0],[71.35,37.314,-1100.934,0.344,0,-0.939,0,1,0,0.939,0,0.344,8.658,37.467,-3.786,"S","J"],[71.393,37.874,-1100.958,0.343,-0.023,-0.939,0,1,-0.025,0.939,0.008,0.343,-3.139,30.567,0.737,"S","J"],[71.374,38.349,-1100.958,0.344,-0.019,-0.939,0,1,-0.02,0.939,0.007,0.344,-0.148,27.315,-0.306,"S","J"],[71.374,38.576,-1100.958,0.344,-0.004,-0.939,0,1,-0.004,0.939,0.001,0.344,-0.064,11.517,0.017,12,"J"],[71.372,38.763,-1100.958,0.344,0.001,-0.939,0,1,0.001,0.939,0,0.344,-0.056,11.206,0.02,"S","J"],[71.372,38.95,-1100.958,0.344,0.001,-0.939,0,1,0.001,0.939,0,0.344,-0.008,11.2,0.003,"S","J"],["s","v","S",1],[71.21,39.595,-1100.826,0.909,0.012,-0.417,-0.009,1,0.01,0.417,-0.005,0.909,4.866,41.977,4.885,8,"J"],[71.311,40.665,-1100.724,0.924,0.016,-0.381,-0.013,1,0.012,0.381,-0.007,0.924,4.853,49.734,4.913,3,"J"],[71.408,41.268,-1100.647,0.883,0.011,-0.469,-0.008,1,0.009,0.469,-0.004,0.883,8.803,47.457,6.573,5,"J"],[71.636,42.205,-1100.496,0.831,0.002,-0.557,-0.001,1,0.002,0.557,-0.001,0.831,12.178,43.328,7.631,"S","J"],[71.863,42.892,-1100.364,0.777,0,-0.63,0,1,0,0.63,0,0.777,14.426,40.001,8.222,"S","J"],[72.048,43.372,-1100.246,0.538,0,-0.843,0,1,0,0.843,0,0.538,14.833,37.527,10.049,"S","J"],[72.275,43.963,-1100.06,0,0,-1,0,1,0,1,0,0,12.894,34.252,11.843,"S",0],[72.466,44.5,-1099.856,-0.234,0,-0.972,0,1,0,0.972,0,-0.234,10.596,30.982,12.482,"S","J"],[72.619,44.982,-1099.641,-0.23,0,-0.973,0,1,0,0.973,0,-0.23,8.301,27.712,13.126,"S","J"],[72.733,45.41,-1099.415,-0.221,0,-0.975,0,1,0,0.975,0,-0.221,6.008,24.442,13.777,"S","J"],[72.81,45.783,-1099.179,-0.212,0,-0.977,0,1,0,0.977,0,-0.212,3.719,21.172,14.443,"S","J"],["s","v","S","J"],[72.851,46.173,-1098.872,-0.369,0,-0.929,0,1,0,0.929,0,-0.369,0.781,17.084,14.945,"S","J"],[72.846,46.366,-1098.682,-0.307,0,-0.952,0,1,0,0.952,0,-0.307,-0.982,14.632,15.246,"S","J"],[72.806,46.576,-1098.424,-0.338,0,-0.941,0,1,0,0.941,0,-0.338,-3.124,11.362,15.609,"S","J"],[72.75,46.732,-1098.163,-0.343,0,-0.939,0,1,0,0.939,0,-0.343,-3.346,8.092,15.647,"S","J"],[72.693,46.832,-1097.903,-0.355,0,-0.935,0,1,0,0.935,0,-0.355,-3.42,4.822,15.633,"S","J"],[72.633,46.879,-1097.643,-0.364,0,-0.931,0,1,0,0.931,0,-0.364,-3.629,1.552,15.585,"S","J"],[72.571,46.871,-1097.384,-0.364,0,-0.931,0,1,0,0.931,0,-0.364,-3.772,-1.718,15.551,"S","J"],[72.508,46.808,-1097.124,-0.364,0,-0.931,0,1,0,0.931,0,-0.364,-3.775,-4.988,15.551,"S","J"],[72.445,46.691,-1096.865,-0.364,0,-0.931,0,1,0,0.931,0,-0.364,-3.775,-8.258,15.551,"S","J"],[72.382,46.519,-1096.605,-0.364,0,-0.931,0,1,0,0.931,0,-0.364,-3.775,-11.528,15.551,"S","J"],[72.319,46.293,-1096.346,-0.364,0,-0.931,0,1,0,0.931,0,-0.364,-3.775,-14.798,15.551,"S","J"],[72.266,46.012,-1096.084,-0.317,0,-0.948,0,1,0,0.948,0,-0.317,-3.082,-18.068,15.702,"S","J"],["s","v","S",1],[72.195,45.677,-1095.828,-0.381,0,-0.925,0,1,0,0.925,0,-0.381,-4.684,-21.338,15.296,"S","J"],[72.118,45.287,-1095.573,-0.406,0,-0.914,0,1,0,0.914,0,-0.406,-4.621,-24.608,15.32,"S","J"],[72.042,44.843,-1095.317,-0.409,0,-0.912,0,1,0,0.912,0,-0.409,-4.551,-27.878,15.341,"S","J"],[71.966,44.344,-1095.062,-0.41,0,-0.912,0,1,0,0.912,0,-0.41,-4.55,-31.148,15.341,"S","J"],[71.89,43.791,-1094.807,-0.41,0,-0.912,0,1,0,0.912,0,-0.41,-4.55,-34.418,15.341,"S","J"],[71.814,43.183,-1094.551,-0.41,0,-0.912,0,1,0,0.912,0,-0.41,-4.55,-37.688,15.341,"S","J"],[71.738,42.521,-1094.296,-0.41,0,-0.912,0,1,0,0.912,0,-0.41,-4.55,-40.958,15.341,"S","J"],[71.663,41.804,-1094.04,-0.41,0,-0.912,0,1,0,0.912,0,-0.41,-4.55,-44.228,15.341,"S","J"],[71.587,41.129,-1093.785,-0.318,0,-0.948,0,1,0,0.948,0,-0.318,-4.562,-24.602,15.336,7,"J"],[71.511,41.083,-1093.53,-0.287,0,-0.958,0,1,0,0.958,0,-0.287,-4.56,3.132,15.336,"S","J"],[71.435,41.157,-1093.274,-0.285,0,-0.958,0,1,0,0.958,0,-0.285,-4.56,4.319,15.336,8,"J"],[71.359,42.03,-1093.019,-0.272,0,-0.962,0,1,0,0.962,0,-0.272,-4.56,51.365,15.336,3,"J"],[71.286,42.852,-1092.762,-0.355,0,-0.935,0,1,0,0.935,0,-0.355,-4.355,48.095,15.396,5,"J"],[71.214,43.619,-1092.506,-0.38,0,-0.925,0,1,0,0.925,0,-0.38,-4.283,44.825,15.416,"S","J"],[71.145,44.332,-1092.248,-0.376,0,-0.927,0,1,0,0.927,0,-0.376,-4.144,41.555,15.454,"S","J"],[71.078,44.991,-1091.99,-0.372,0,-0.928,0,1,0,0.928,0,-0.372,-4.004,38.285,15.491,"S","J"],[71.012,45.595,-1091.732,-0.368,0,-0.93,0,1,0,0.93,0,-0.368,-3.932,35.015,15.509,"S","J"],[70.947,46.144,-1091.473,-0.364,0,-0.931,0,1,0,0.931,0,-0.364,-3.861,31.745,15.527,"S","J"],[70.884,46.639,-1091.214,-0.36,0,-0.933,0,1,0,0.933,0,-0.36,-3.791,28.475,15.544,"S","J"],[70.822,47.08,-1090.955,-0.36,0,-0.933,0,1,0,0.933,0,-0.36,-3.72,25.205,15.561,"S","J"],[70.76,47.466,-1090.695,-0.36,0,-0.933,0,1,0,0.933,0,-0.36,-3.719,21.935,15.562,"S","J"],[70.698,47.797,-1090.436,-0.355,0,-0.935,0,1,0,0.935,0,-0.355,-3.719,18.665,15.562,"S","J"],[70.637,48.074,-1090.176,-0.355,0,-0.935,0,1,0,0.935,0,-0.355,-3.65,15.395,15.578,"S","J"],[70.576,48.297,-1089.917,-0.351,0,-0.936,0,1,0,0.936,0,-0.351,-3.648,12.125,15.579,"S","J"],[70.516,48.465,-1089.657,-0.351,0,-0.936,0,1,0,0.936,0,-0.351,-3.579,8.855,15.595,"S","J"],[70.457,48.579,-1089.397,-0.351,0,-0.936,0,1,0,0.936,0,-0.351,-3.577,5.585,15.595,"S","J"],[70.397,48.638,-1089.137,-0.347,0,-0.938,0,1,0,0.938,0,-0.347,-3.577,2.315,15.595,"S","J"],[70.338,48.642,-1088.877,-0.347,0,-0.938,0,1,0,0.938,0,-0.347,-3.508,-0.955,15.611,"S","J"],[70.28,48.592,-1088.617,-0.347,0,-0.938,0,1,0,0.938,0,-0.347,-3.507,-4.225,15.611,"S",0],[70.2,48.488,-1088.363,-0.463,0,-0.886,0,1,0,0.886,0,-0.463,-5.272,-7.495,15.102,"S","J"],[70.11,48.329,-1088.112,-0.471,0,-0.882,0,1,0,0.882,0,-0.471,-5.439,-10.765,15.05,"S","J"],[70.018,48.115,-1087.862,-0.479,0,-0.878,0,1,0,0.878,0,-0.479,-5.575,-14.035,15,"S","J"],[69.923,47.847,-1087.612,-0.491,0,-0.871,0,1,0,0.871,0,-0.491,-5.711,-17.305,14.949,"S","J"],[69.825,47.525,-1087.365,-0.503,0,-0.864,0,1,0,0.864,0,-0.503,-5.913,-20.575,14.87,"S","J"],[69.723,47.148,-1087.118,-0.51,0,-0.86,0,1,0,0.86,0,-0.51,-6.115,-23.845,14.788,"S",1],[69.619,46.716,-1086.872,-0.51,0,-0.86,0,1,0,0.86,0,-0.51,-6.25,-27.115,14.731,"S","J"],[69.515,46.23,-1086.627,-0.522,0,-0.853,0,1,0,0.853,0,-0.522,-6.252,-30.385,14.73,"S","J"],[69.408,46.156,-1086.382,-0.461,0,-0.887,0,1,0,0.887,0,-0.461,-6.466,-0.601,14.635,7,"J"],[69.294,46.052,-1086.141,-0.46,0,-0.888,0,1,0,0.888,0,-0.46,-6.855,-7.795,14.457,"S","J"],[69.173,45.888,-1085.903,-0.466,0,-0.885,0,1,0,0.885,0,-0.466,-7.309,-11.065,14.233,8,"J"],[69.052,46.762,-1085.666,-0.474,0,-0.881,0,1,0,0.881,0,-0.474,-7.309,51.365,14.233,3,"J"],[68.926,47.584,-1085.431,-0.552,0,-0.834,0,1,0,0.834,0,-0.552,-7.558,48.095,14.104,5,"J"],[68.8,48.351,-1085.196,-0.586,0,-0.81,0,1,0,0.81,0,-0.586,-7.562,44.825,14.103,"S",0],[68.698,49.064,-1084.956,-0.686,0,-0.727,0,1,0,0.727,0,-0.686,-5.216,41.555,14.522,"S","J"],[68.636,49.723,-1084.71,-0.681,0,-0.733,0,1,0,0.733,0,-0.681,-2.869,38.285,14.936,"S","J"],[68.613,50.327,-1084.457,-0.677,0,-0.736,0,1,0,0.736,0,-0.677,-0.522,35.015,15.349,"S","J"],[68.637,51.005,-1084.131,-0.696,0,-0.718,0,1,0,0.718,0,-0.696,2.151,30.927,15.797,"S","J"],[68.666,51.371,-1083.933,-0.657,0,-0.754,0,1,0,0.754,0,-0.657,2.335,28.475,15.828,"S","J"],[68.705,51.812,-1083.67,-0.677,0,-0.736,0,1,0,0.736,0,-0.677,2.345,25.205,15.83,"S","J"],[68.744,52.198,-1083.406,-0.677,0,-0.736,0,1,0,0.736,0,-0.677,2.345,21.935,15.83,"S","J"],[68.805,52.529,-1083.155,-0.622,0,-0.783,0,1,0,0.783,0,-0.622,4.388,18.665,14.603,"S","J"],[68.899,52.806,-1082.924,-0.599,0,-0.801,0,1,0,0.801,0,-0.599,6.432,15.395,13.378,"S","J"],[68.992,52.978,-1082.765,-0.596,0,-0.803,0,1,0,0.803,0,-0.596,7.965,12.942,12.46,"S","J"],[69.147,53.16,-1082.569,-0.632,0,-0.775,0,1,0,0.775,0,-0.632,10.071,9.672,11.344,"S","J"],[69.337,53.287,-1082.391,-0.632,0,-0.775,0,1,0,0.775,0,-0.632,12.121,6.402,10.258,"S","J"],[69.543,53.36,-1082.222,-0.632,0,-0.775,0,1,0,0.775,0,-0.632,12.397,3.132,10.111,"S","J"],[69.698,53.378,-1082.096,-0.632,0,-0.775,0,1,0,0.775,0,-0.632,12.402,0.68,10.108,"S","J"],[69.927,53.586,-1081.909,-0.632,0,-0.775,0,1,0,0.775,0,-0.632,10.093,11.122,8.226,12,"J"],["s","v","S","J"],[70.076,53.772,-1081.787,-0.632,0,-0.775,0,1,0,0.775,0,-0.632,8.246,11.198,6.72,"S","J"],[70.194,53.959,-1081.691,-0.632,0,-0.775,0,1,0,0.775,0,-0.632,6.398,11.2,5.215,"S","J"],[70.282,54.145,-1081.62,-0.632,0,-0.775,0,1,0,0.775,0,-0.632,4.551,11.2,3.709,"S","J"],[70.298,54.332,-1081.606,-0.632,0,-0.775,0,1,0,0.775,0,-0.632,0.135,11.2,0.11,"S","J"],[70.299,54.519,-1081.606,-0.632,0,-0.775,0,1,0,0.775,0,-0.632,0.003,11.2,0.002,"S","J"],[70.299,54.705,-1081.606,-0.632,0,-0.775,0,1,0,0.775,0,-0.632,0,11.2,0,"S","J"],[70.4,55.181,-1081.747,0.237,0,-0.972,0.002,1,0,0.972,-0.002,0.237,-0.063,0.133,-0.124,"S","J"],["s","v","S",1],[69.777,55.782,-1081.631,0.239,0,-0.971,-0.001,1,0,0.971,0,0.239,-37.423,34.836,6.964,3,"J"],[69.184,56.328,-1081.468,0.112,0,-0.994,-0.001,1,0,0.994,0.001,0.112,-34.647,31.573,10.667,5,"J"],[68.63,56.82,-1081.281,0.061,0,-0.998,0,1,0,0.998,0,0.061,-32.564,28.304,11.515,"S","J"],[68.109,57.258,-1081.083,0.055,0,-0.998,0,1,0,0.998,0,0.055,-30.562,25.034,12.025,"S","J"],[67.621,57.641,-1080.878,0.054,0,-0.999,0,1,0,0.999,0,0.054,-28.567,21.763,12.484,"S","J"],[67.166,57.97,-1080.665,0.054,0,-0.999,0,1,0,0.999,0,0.054,-26.573,18.493,12.924,"S","J"],[66.745,58.244,-1080.446,0.054,0,-0.999,0,1,0,0.999,0,0.054,-24.577,15.223,13.35,"S","J"],[66.27,58.51,-1080.164,-0.699,0,-0.715,0,1,0,0.715,0,-0.699,-21.61,11.135,13.623,"S","J"],[66.015,58.629,-1079.992,-0.651,0,-0.759,0,1,0,0.759,0,-0.651,-19.83,8.683,13.786,"S","J"],[65.709,58.739,-1079.76,-0.67,0,-0.742,0,1,0,0.742,0,-0.67,-17.456,5.413,14.001,"S",0],[65.443,58.796,-1079.525,-0.67,0,-0.742,0,1,0,0.742,0,-0.67,-15.083,2.143,14.216,"S","J"],[65.216,58.797,-1079.286,-0.67,0,-0.742,0,1,0,0.742,0,-0.67,-12.709,-1.127,14.43,"S","J"],[65.029,58.744,-1079.043,-0.67,0,-0.742,0,1,0,0.742,0,-0.67,-10.335,-4.397,14.645,"S","J"],[64.881,58.637,-1078.797,-0.67,0,-0.742,0,1,0,0.742,0,-0.67,-7.962,-7.667,14.86,"S","J"],[64.773,58.475,-1078.547,-0.67,0,-0.742,0,1,0,0.742,0,-0.67,-5.588,-10.937,15.075,"S","J"],[64.705,58.259,-1078.292,-0.719,0,-0.695,0,1,0,0.695,0,-0.719,-3.224,-14.207,15.37,"S","J"],[64.676,57.988,-1078.033,-0.719,0,-0.695,0,1,0,0.695,0,-0.719,-0.859,-17.477,15.664,"S","J"],[64.685,57.663,-1077.769,-0.722,0,-0.692,0,1,0,0.692,0,-0.722,1.226,-20.747,15.924,"S","J"],[64.707,57.283,-1077.503,-0.728,0,-0.686,0,1,0,0.686,0,-0.728,1.339,-24.017,15.952,"S","J"],[64.727,56.848,-1077.237,-0.734,0,-0.68,0,1,0,0.68,0,-0.734,1.2,-27.287,15.964,"S","J"],[64.745,56.36,-1076.971,-0.737,0,-0.676,0,1,0,0.676,0,-0.737,1.055,-30.557,15.974,"S","J"],[64.762,55.816,-1076.705,-0.74,0,-0.672,0,1,0,0.672,0,-0.74,0.981,-33.827,15.979,"S","J"],[64.777,56.031,-1076.439,-0.686,0,-0.727,0,1,0,0.727,0,-0.686,0.899,23.536,15.973,7,"J"],[64.792,56.461,-1076.172,-0.668,0,-0.744,0,1,0,0.744,0,-0.668,0.899,23.806,15.975,8,"J"],[64.706,56.741,-1075.942,-0.666,0,-0.746,0,1,0,0.746,0,-0.666,-8.824,13.248,12.574,"S","J"],[64.577,56.864,-1075.791,-0.666,0,-0.746,0,1,0,0.746,0,-0.666,-10.564,8.442,11.965,"S","J"],[64.355,56.979,-1075.543,-0.666,0,-0.746,0,1,0,0.746,0,-0.666,-10.66,3.96,11.932,"S","J"],[64.177,57.024,-1075.344,-0.666,0,-0.746,0,1,0,0.746,0,-0.666,-10.66,2.157,11.931,"S","J"],[63.999,57.049,-1075.145,-0.666,0,-0.746,0,1,0,0.746,0,-0.666,-10.66,1.175,11.931,"S","J"],[63.822,57.063,-1074.947,-0.666,0,-0.746,0,1,0,0.746,0,-0.666,-10.66,0.64,11.931,"S","J"],[63.644,57.07,-1074.748,-0.666,0,-0.746,0,1,0,0.746,0,-0.666,-10.66,0.348,11.931,"S","J"],[63.466,57.074,-1074.549,-0.659,0,-0.752,0,1,0,0.752,0,-0.659,-10.66,0.19,11.931,"S","J"],[63.29,57.077,-1074.349,-0.653,0,-0.758,0,1,0,0.758,0,-0.653,-10.554,0.103,12.026,"S","J"],[63.116,57.078,-1074.147,-0.649,0,-0.761,0,1,0,0.761,0,-0.649,-10.444,0.056,12.121,"S","J"],[62.943,57.078,-1073.944,-0.646,0,-0.764,0,1,0,0.764,0,-0.646,-10.388,0.031,12.169,"S","J"],[62.77,57.079,-1073.741,-0.646,0,-0.764,0,1,0,0.764,0,-0.646,-10.333,0.017,12.216,"S","J"],[62.598,57.079,-1073.537,-0.646,0,-0.764,0,1,0,0.764,0,-0.646,-10.332,0.009,12.217,"S","J"],[62.426,57.079,-1073.334,-0.646,0,-0.764,0,1,0,0.764,0,-0.646,-10.332,0.005,12.217,"S","J"],[62.254,57.079,-1073.13,-0.642,0,-0.766,0,1,0,0.766,0,-0.642,-10.332,0.003,12.217,"S","J"],[62.082,57.079,-1072.926,-0.642,0,-0.766,0,1,0,0.766,0,-0.642,-10.277,0.001,12.263,"S","J"],[61.911,57.079,-1072.721,-0.642,0,-0.766,0,1,0,0.766,0,-0.642,-10.276,0.001,12.264,"S","J"],[61.74,57.079,-1072.517,-0.642,0,-0.766,0,1,0,0.766,0,-0.642,-10.276,0,12.264,"S","J"],[61.569,57.079,-1072.312,-0.642,0,-0.766,0,1,0,0.766,0,-0.642,-10.276,0,12.264,"S","J"],[61.397,57.079,-1072.107,-0.639,0,-0.769,0,1,0,0.769,0,-0.639,-10.276,0,12.264,"S","J"],[61.227,57.079,-1071.902,-0.635,0,-0.772,0,1,0,0.772,0,-0.635,-10.221,0,12.309,"S","J"],[61.057,57.079,-1071.696,-0.632,0,-0.775,0,1,0,0.775,0,-0.632,-10.165,0,12.356,"S","J"],[60.889,57.079,-1071.49,-0.628,0,-0.778,0,1,0,0.778,0,-0.628,-10.109,0,12.402,"S","J"],[60.721,57.079,-1071.282,-0.628,0,-0.778,0,1,0,0.778,0,-0.628,-10.053,0,12.447,"S","J"],[60.553,57.084,-1071.075,-0.628,0,-0.778,0,1,0,0.778,0,-0.628,-10.052,0.353,12.448,"S","J"],[60.386,57.089,-1070.867,-0.628,0,-0.778,0,1,0,0.778,0,-0.628,-10.052,0.248,12.448,"S","J"],[60.218,57.092,-1070.66,-0.628,0,-0.778,0,1,0,0.778,0,-0.628,-10.052,0.144,12.448,"S","J"],[60.051,57.094,-1070.452,-0.628,0,-0.778,0,1,0,0.778,0,-0.628,-10.052,0.08,12.448,"S","J"],[59.883,57.095,-1070.245,-0.628,0,-0.778,0,1,0,0.778,0,-0.628,-10.052,0.044,12.448,"S","J"],[59.716,57.095,-1070.037,-0.628,0,-0.778,0,1,0,0.778,0,-0.628,-10.052,0.024,12.448,"S","J"],[59.548,57.095,-1069.83,-0.628,0,-0.778,0,1,0,0.778,0,-0.628,-10.052,0.013,12.448,"S","J"],[59.381,57.096,-1069.622,-0.628,0,-0.778,0,1,0,0.778,0,-0.628,-10.052,0.007,12.448,"S","J"],[59.213,57.096,-1069.415,-0.628,0,-0.778,0,1,0,0.778,0,-0.628,-10.052,0.004,12.448,"S","J"],[59.046,57.096,-1069.207,-0.628,0,-0.778,0,1,0,0.778,0,-0.628,-10.052,0.002,12.448,"S","J"],[58.878,57.096,-1069,-0.628,0,-0.778,0,1,0,0.778,0,-0.628,-10.052,0.001,12.448,"S","J"],[58.818,57.096,-1068.8,-0.676,0,-0.737,0,1,0,0.737,0,-0.676,0.22,0.001,11.683,"S","J"],[58.928,57.138,-1068.614,-0.676,0,-0.737,0,1,0,0.737,0,-0.676,10.337,2.905,10.93,"S","J"],[59.072,57.156,-1068.478,-0.676,0,-0.737,0,1,0,0.737,0,-0.676,11.709,1.031,10.827,"S","J"],[59.317,57.207,-1068.253,-0.676,0,-0.737,0,1,0,0.737,0,-0.676,11.785,2.362,10.822,"S","J"],[59.513,57.219,-1068.073,-0.676,0,-0.737,0,1,0,0.737,0,-0.676,11.785,0.282,10.822,"S","J"],[59.71,57.249,-1067.892,-0.676,0,-0.737,0,1,0,0.737,0,-0.676,11.785,1.949,10.822,"S","J"]]
