[[1048.749,-16.497,-1097.881,-0.997,0,-0.076,0,1,0,0.076,0,-0.997,0,0,0,8,0],["s","v","S","J"],[1048.845,-16.497,-1097.66,-0.991,0,-0.131,0,1,0,0.131,0,-0.991,5.908,0,13.601,"S","J"],[1048.951,-16.497,-1097.416,-0.986,0,-0.168,0,1,0,0.168,0,-0.986,6.366,0,14.654,"S","J"],[1049.057,-16.497,-1097.172,-0.98,0,-0.2,0,1,0,0.2,0,-0.98,6.375,0,14.675,"S","J"],[1049.11,-16.497,-1097.049,-0.977,0,-0.214,0,1,0,0.214,0,-0.977,6.375,0,14.675,"S","J"],[1049.217,-16.497,-1096.805,-0.971,0,-0.24,0,1,0,0.24,0,-0.971,6.375,0,14.675,"S","J"],[1049.323,-16.497,-1096.56,-0.965,0,-0.262,0,1,0,0.262,0,-0.965,6.375,0,14.675,"S","J"],[1049.429,-16.497,-1096.316,-0.96,0,-0.281,0,1,0,0.281,0,-0.96,"v","S",1],[1049.536,-15.624,-1096.071,-0.954,0,-0.299,0,1,0,0.299,0,-0.954,6.375,51.365,14.675,3,"J"],[1049.642,-14.802,-1095.826,-0.949,0,-0.314,0,1,0,0.314,0,-0.949,6.375,48.095,14.675,5,"J"],[1049.749,-14.034,-1095.582,-0.945,0,-0.327,0,1,0,0.327,0,-0.945,6.44,44.825,14.647,"S","J"],[1049.859,-13.321,-1095.339,-0.941,0,-0.338,0,1,0,0.338,0,-0.941,6.571,41.555,14.588,"S","J"],[1049.968,-12.663,-1095.096,-0.937,0,-0.349,0,1,0,0.349,0,-0.937,6.574,38.285,14.587,"S","J"],[1050.105,-11.916,-1094.792,-0.933,0,-0.36,0,1,0,0.36,0,-0.933,6.574,34.197,14.587,"S","J"],[1050.188,-11.509,-1094.61,-0.931,0,-0.366,0,1,0,0.366,0,-0.931,6.637,31.745,14.559,"S","J"],[1050.326,-10.899,-1094.306,-0.927,0,-0.374,0,1,0,0.374,0,-0.927,6.64,27.657,14.557,"S","J"],[1050.437,-10.472,-1094.064,-0.925,0,-0.38,0,1,0,0.38,0,-0.925,6.64,24.387,14.557,"S","J"],[1050.52,-10.187,-1093.882,-0.923,0,-0.384,0,1,0,0.384,0,-0.923,6.64,21.935,14.557,"S","J"],[1050.631,-9.856,-1093.639,-0.922,0,-0.388,0,1,0,0.388,0,-0.922,6.64,18.665,14.557,"S","J"],[1050.742,-9.579,-1093.396,-0.92,0,-0.392,0,1,0,0.392,0,-0.92,6.64,15.395,14.557,"S","J"],[1050.853,-9.356,-1093.154,-0.919,0,-0.395,0,1,0,0.395,0,-0.919,6.64,12.125,14.557,"S","J"],[1050.963,-9.188,-1092.911,-0.917,0,-0.398,0,1,0,0.398,0,-0.917,6.64,8.855,14.557,"S","J"],[1051.074,-9.075,-1092.668,-0.916,0,-0.4,0,1,0,0.4,0,-0.916,6.64,5.585,14.557,"S","J"],[1051.185,-9.016,-1092.426,-0.915,0,-0.403,0,1,0,0.403,0,-0.915,6.64,2.315,14.557,"S","J"],[1051.296,-9.011,-1092.183,-0.915,0,-0.404,0,1,0,0.404,0,-0.915,6.64,-0.955,14.557,"S","J"],[1051.407,-9.061,-1091.94,-0.914,0,-0.406,0,1,0,0.406,0,-0.914,6.64,-4.225,14.557,"S","J"],[1051.518,-9.166,-1091.698,-0.913,0,-0.407,0,1,0,0.407,0,-0.913,6.64,-7.495,14.557,"S","J"],[1051.628,-9.325,-1091.455,-0.913,0,-0.408,0,1,0,0.408,0,-0.913,6.64,-10.765,14.557,"S","J"],[1051.739,-9.538,-1091.212,-0.912,0,-0.409,0,1,0,0.409,0,-0.912,6.64,-14.035,14.557,"S","J"],[1051.878,-9.882,-1090.909,-0.912,0,-0.41,0,1,0,0.41,0,-0.912,6.64,-18.123,14.557,"S","J"],[1051.961,-10.129,-1090.727,-0.912,0,-0.411,0,1,0,0.411,0,-0.912,6.64,-20.575,14.557,"S",0],[1052.099,-10.608,-1090.424,-0.911,0,-0.411,0,1,0,0.411,0,-0.911,6.64,-24.663,14.557,"S","J"],[1052.183,-10.937,-1090.242,-0.911,0,-0.412,0,1,0,0.412,0,-0.911,6.64,-27.115,14.557,"S","J"],[1052.291,-11.004,-1090.004,-0.911,0,-0.412,0,1,0,0.412,0,-0.911,5.015,-0.201,10.995,7,"J"],[1052.429,-11.005,-1089.704,-0.911,0,-0.413,0,1,0,0.413,0,-0.911,10.222,-0.004,22.206,"S","J"],[1052.58,-11.045,-1089.376,-0.911,0,-0.413,0,1,0,0.413,0,-0.911,12.395,-3.857,26.886,8,"J"],[1052.789,-11.15,-1088.923,-0.911,0,-0.413,0,1,0,0.413,0,-0.911,12.535,-7.127,27.187,"S","J"],[1052.998,-11.31,-1088.47,-0.91,0,-0.414,0,1,0,0.414,0,-0.91,12.537,-10.397,27.193,"S","J"],[1053.311,-11.198,-1087.79,-0.91,0,-0.414,0,1,0,0.414,0,-0.91,12.537,7.854,27.193,"S","J"],[1053.416,-11.127,-1087.564,-0.91,0,-0.414,0,1,0,0.414,0,-0.91,12.537,8.513,27.193,"S","J"],[1053.625,-10.984,-1087.111,-0.91,0,-0.414,0,1,0,0.414,0,-0.91,12.537,8.477,27.193,"S","J"],[1053.834,-10.845,-1086.657,-0.91,0,-0.414,0,1,0,0.414,0,-0.91,12.537,8.282,27.193,"S","J"],[1054.043,-10.708,-1086.204,-0.91,0,-0.414,0,1,0,0.414,0,-0.91,12.537,8.15,27.193,"S","J"],[1054.252,-10.573,-1085.751,-0.91,0,-0.414,0,1,0,0.414,0,-0.91,12.537,8.075,27.193,"S","J"],[1054.461,-10.438,-1085.298,-0.91,0,-0.414,0,1,0,0.414,0,-0.91,12.537,8.033,27.193,"S","J"],[1054.67,-10.304,-1084.845,-0.91,0,-0.415,0,1,0,0.415,0,-0.91,12.537,8.011,27.193,"S","J"],[1054.879,-10.17,-1084.392,-0.91,0,-0.415,0,1,0,0.415,0,-0.91,12.537,7.999,27.193,"S","J"],[1055.089,-10.046,-1083.935,-0.91,0,-0.415,0,1,0,0.415,0,-0.91,12.642,7.189,27.422,"S","J"],[1055.301,-9.949,-1083.476,-0.91,0,-0.415,0,1,0,0.415,0,-0.91,12.71,5.477,27.57,"S","J"],[1055.458,-9.899,-1083.133,-0.91,0,-0.415,0,1,0,0.415,0,-0.91,8.356,2.207,18.235,"S","J"],[1055.571,-9.915,-1082.886,-0.91,0,-0.415,0,1,0,0.415,0,-0.91,6.644,-1.779,14.564,"S",1],[1055.71,-8.845,-1082.583,-0.91,0,-0.415,0,1,0,0.415,0,-0.91,6.644,49.73,14.564,3,"J"],[1055.841,-8.05,-1082.352,-0.905,0,-0.426,0,1,0,0.426,0,-0.905,8.426,46.46,13.591,5,"J"],[1055.984,-7.31,-1082.127,-0.897,0,-0.441,0,1,0,0.441,0,-0.897,8.612,43.19,13.484,"S","J"],[1056.128,-6.624,-1081.902,-0.89,0,-0.456,0,1,0,0.456,0,-0.89,8.675,39.92,13.444,"S","J"],[1056.273,-5.992,-1081.678,-0.884,0,-0.468,0,1,0,0.468,0,-0.884,8.677,36.65,13.443,"S","J"],[1056.417,-5.416,-1081.454,-0.878,0,-0.479,0,1,0,0.479,0,-0.878,8.677,33.38,13.443,"S","J"],[1056.526,-5.019,-1081.286,-0.874,0,-0.486,0,1,0,0.486,0,-0.874,8.677,30.927,13.443,"S","J"],[1056.67,-4.537,-1081.062,-0.87,0,-0.494,0,1,0,0.494,0,-0.87,8.677,27.657,13.443,"S","J"],[1056.815,-4.111,-1080.838,-0.866,0,-0.501,0,1,0,0.501,0,-0.866,8.677,24.387,13.443,"S",0],[1056.959,-3.738,-1080.614,-0.862,0,-0.507,0,1,0,0.507,0,-0.862,8.677,21.117,13.443,"S","J"],[1057.104,-3.42,-1080.39,-0.859,0,-0.512,0,1,0,0.512,0,-0.859,8.677,17.847,13.443,"S","J"],[1057.249,-3.157,-1080.166,-0.857,0,-0.516,0,1,0,0.516,0,-0.857,8.677,14.577,13.443,"S","J"],[1057.357,-2.995,-1079.997,-0.855,0,-0.519,0,1,0,0.519,0,-0.855,8.677,12.125,13.443,"S","J"],[1057.501,-2.827,-1079.773,-0.853,0,-0.522,0,1,0,0.522,0,-0.853,8.677,8.855,13.443,"S","J"],[1057.646,-2.714,-1079.549,-0.851,0,-0.525,0,1,0,0.525,0,-0.851,8.677,5.585,13.443,"S","J"],[1057.791,-2.655,-1079.325,-0.85,0,-0.527,0,1,0,0.527,0,-0.85,8.677,2.315,13.443,"S","J"],[1057.935,-2.65,-1079.101,-0.848,0,-0.53,0,1,0,0.53,0,-0.848,8.677,-0.955,13.443,"S","J"],[1058.08,-2.7,-1078.877,-0.847,0,-0.532,0,1,0,0.532,0,-0.847,8.736,-4.225,13.404,"S","J"],[1058.227,-2.804,-1078.655,-0.845,0,-0.534,0,1,0,0.534,0,-0.845,8.797,-7.495,13.365,"S","J"],[1058.374,-2.963,-1078.432,-0.844,0,-0.537,0,1,0,0.537,0,-0.844,8.858,-10.765,13.324,"S","J"],[1058.523,-3.177,-1078.211,-0.842,0,-0.539,0,1,0,0.539,0,-0.842,8.918,-14.035,13.284,"S","J"],[1058.673,-3.445,-1077.991,-0.84,0,-0.543,0,1,0,0.543,0,-0.84,9.037,-17.305,13.203,"S","J"],[1058.825,-3.767,-1077.772,-0.838,0,-0.546,0,1,0,0.546,0,-0.838,9.157,-20.575,13.121,"S","J"],[1059.017,-4.247,-1077.499,-0.834,0,-0.551,0,1,0,0.551,0,-0.834,9.218,-24.663,13.078,"S","J"],[1059.172,-4.692,-1077.282,-0.832,0,-0.555,0,1,0,0.555,0,-0.832,9.276,-27.933,13.036,"S","J"],[1059.328,-5.192,-1077.065,-0.829,0,-0.559,0,1,0,0.559,0,-0.829,9.335,-31.203,12.994,7,"J"],[1059.484,-5.746,-1076.849,-0.827,0,-0.563,0,1,0,0.563,0,-0.827,9.394,-34.473,12.952,"S",1],[1059.683,-5.791,-1076.582,-0.823,0,-0.569,0,1,0,0.569,0,-0.823,9.57,2.15,12.823,8,"J"],[1059.843,-4.928,-1076.368,-0.819,0,-0.573,0,1,0,0.573,0,-0.819,9.57,50.547,12.823,3,"J"],[1059.968,-4.317,-1076.212,-0.816,0,-0.579,0,1,0,0.579,0,-0.816,10.113,48.095,12.398,5,"J"],[1060.144,-3.55,-1076.012,-0.808,0,-0.589,0,1,0,0.589,0,-0.808,10.629,44.825,11.959,"S","J"],[1060.329,-2.837,-1075.82,-0.798,0,-0.603,0,1,0,0.603,0,-0.798,11.16,41.555,11.465,"S","J"],[1060.522,-2.178,-1075.636,-0.785,0,-0.62,0,1,0,0.62,0,-0.785,11.62,38.285,10.999,"S","J"],[1060.72,-1.574,-1075.457,-0.771,0,-0.637,0,1,0,0.637,0,-0.771,11.918,35.015,10.675,"S","J"],[1060.92,-1.024,-1075.282,-0.756,0,-0.654,0,1,0,0.654,0,-0.756,12.065,31.745,10.509,"S","J"],[1061.172,-0.414,-1075.062,-0.74,0,-0.673,0,1,0,0.673,0,-0.74,12.068,27.657,10.505,"S","J"],[1061.373,0.013,-1074.887,-0.729,0,-0.685,0,1,0,0.685,0,-0.729,12.068,24.387,10.505,"S",0],[1061.574,0.385,-1074.712,-0.719,0,-0.695,0,1,0,0.695,0,-0.719,12.068,21.117,10.505,"S","J"],[1061.775,0.703,-1074.537,-0.71,0,-0.704,0,1,0,0.704,0,-0.71,12.068,17.847,10.505,"S","J"],[1061.977,0.966,-1074.361,-0.703,0,-0.711,0,1,0,0.711,0,-0.703,12.068,14.577,10.505,"S","J"],[1062.178,1.175,-1074.186,-0.697,0,-0.717,0,1,0,0.717,0,-0.697,12.068,11.307,10.505,"S","J"],[1062.379,1.33,-1074.011,-0.691,0,-0.723,0,1,0,0.723,0,-0.691,12.068,8.037,10.505,"S","J"],[1062.58,1.43,-1073.835,-0.686,0,-0.727,0,1,0,0.727,0,-0.686,12.068,4.767,10.505,"S","J"],[1062.781,1.475,-1073.66,-0.682,0,-0.731,0,1,0,0.731,0,-0.682,12.068,1.497,10.505,"S","J"],[1062.982,1.466,-1073.485,-0.679,0,-0.734,0,1,0,0.734,0,-0.679,12.068,-1.773,10.505,"S","J"],[1063.184,1.402,-1073.31,-0.676,0,-0.737,0,1,0,0.737,0,-0.676,12.068,-5.043,10.505,"S","J"],[1063.385,1.284,-1073.134,-0.673,0,-0.74,0,1,0,0.74,0,-0.673,12.068,-8.313,10.505,"S","J"],[1063.586,1.112,-1072.959,-0.671,0,-0.742,0,1,0,0.742,0,-0.671,12.068,-11.583,10.505,"S","J"],[1063.787,0.884,-1072.784,-0.669,0,-0.744,0,1,0,0.744,0,-0.669,12.068,-14.853,10.505,"S","J"],[1063.988,0.603,-1072.608,-0.667,0,-0.745,0,1,0,0.745,0,-0.667,12.068,-18.123,10.505,"S","J"],[1064.189,0.267,-1072.433,-0.666,0,-0.746,0,1,0,0.746,0,-0.666,12.068,-21.393,10.505,"S","J"],[1064.391,-0.124,-1072.258,-0.664,0,-0.747,0,1,0,0.747,0,-0.664,12.068,-24.663,10.505,"S","J"],[1064.592,-0.569,-1072.083,-0.663,0,-0.748,0,1,0,0.748,0,-0.663,12.068,-27.933,10.505,"S","J"],[1064.793,-1.069,-1071.907,-0.662,0,-0.749,0,1,0,0.749,0,-0.662,12.068,-31.203,10.505,"S","J"],[1064.994,-1.623,-1071.732,-0.661,0,-0.75,0,1,0,0.75,0,-0.661,12.068,-34.473,10.505,"S","J"],[1065.195,-2.231,-1071.557,-0.661,0,-0.751,0,1,0,0.751,0,-0.661,12.068,-37.743,10.505,"S","J"],[1065.448,-3.069,-1071.339,-0.66,0,-0.752,0,1,0,0.752,0,-0.66,12.115,-41.83,10.451,"S","J"],[1065.6,-3.612,-1071.209,-0.659,0,-0.753,0,1,0,0.753,0,-0.659,12.205,-44.283,10.346,"S","J"],[1065.804,-4.384,-1071.038,-0.657,0,-0.754,0,1,0,0.754,0,-0.657,12.256,-47.553,10.286,"S","J"],[1066.06,-5.426,-1070.825,-0.654,0,-0.757,0,1,0,0.757,0,-0.654,12.303,-51.64,10.229,"S","J"],[1066.278,-5.513,-1070.653,-0.652,0,-0.758,0,1,0,0.758,0,-0.652,19.967,0.732,15.445,7,"J"],[1066.526,-5.485,-1070.457,-0.649,0,-0.761,0,1,0,0.761,0,-0.649,12.074,2.554,9.761,"S","J"],[1066.83,-5.41,-1070.222,-0.647,0,-0.763,0,1,0,0.763,0,-0.647,21.693,5.422,16.472,"S","J"],[1067.212,-5.322,-1069.934,-0.645,0,-0.764,0,1,0,0.764,0,-0.645,23.061,5.847,17.448,8,"J"],[1067.608,-5.208,-1069.634,-0.643,0,-0.766,0,1,0,0.766,0,-0.643,23.829,7.258,18.072,"S","J"],[1068.005,-5.079,-1069.332,-0.642,0,-0.767,0,1,0,0.767,0,-0.642,23.844,7.76,18.084,"S","J"],[1068.402,-4.948,-1069.031,-0.64,0,-0.768,0,1,0,0.768,0,-0.64,23.845,7.888,18.084,"S","J"],[1068.8,-4.815,-1068.729,-0.639,0,-0.769,0,1,0,0.769,0,-0.639,23.845,7.934,18.084,"S","J"],[1069.197,-4.682,-1068.428,-0.638,0,-0.77,0,1,0,0.77,0,-0.638,23.845,7.955,18.084,"S","J"],[1069.595,-4.548,-1068.126,-0.638,0,-0.77,0,1,0,0.77,0,-0.638,23.845,7.965,18.084,"S","J"],[1069.992,-4.415,-1067.825,-0.637,0,-0.771,0,1,0,0.771,0,-0.637,23.845,7.971,18.084,"S","J"],[1070.39,-4.282,-1067.523,-0.636,0,-0.772,0,1,0,0.772,0,-0.636,23.845,7.974,18.084,"S","J"],[1070.787,-4.148,-1067.222,-0.636,0,-0.772,0,1,0,0.772,0,-0.636,23.845,7.976,18.084,"S","J"],[1071.185,-4.015,-1066.92,-0.635,0,-0.772,0,1,0,0.772,0,-0.635,23.845,7.977,18.084,"S","J"],[1071.587,-3.904,-1066.615,-0.635,0,-0.773,0,1,0,0.773,0,-0.635,24.171,6.224,18.351,"S","J"],[1071.885,-3.841,-1066.383,-0.634,0,-0.773,0,1,0,0.773,0,-0.634,15.73,2.954,12.448,"S","J"],[1072.095,-3.833,-1066.211,-0.634,0,-0.773,0,1,0,0.773,0,-0.634,12.408,-0.41,10.119,"S","J"],[1072.301,-3.865,-1066.043,-0.634,0,-0.773,0,1,0,0.773,0,-0.634,12.367,-2.122,10.094,"S",1],[1072.507,-2.992,-1065.875,-0.952,0,0.306,0,1,0,-0.306,0,-0.952,12.367,51.365,10.094,3,"J"],["s","v",5,"J"],[1072.723,-2.17,-1065.729,-0.999,0,-0.035,0,1,0,0.035,0,-0.999,13.285,48.095,7.894,"S","J"],[1072.954,-1.402,-1065.621,-0.999,0,-0.035,0,1,0,0.035,0,-0.999,14.203,44.825,5.694,"S","J"],[1073.2,-0.689,-1065.549,-0.999,0,-0.035,0,1,0,0.035,0,-0.999,15.12,41.555,3.495,"S","J"],["s","v","S",0],[1073.451,-0.031,-1065.468,-0.977,0,0.213,0,1,0,-0.213,0,-0.977,15.045,38.285,5.348,"S","J"],[1073.701,0.573,-1065.378,-0.977,0,0.213,0,1,0,-0.213,0,-0.977,15.041,35.015,5.454,"S","J"],[1073.952,1.123,-1065.287,-0.977,0,0.213,0,1,0,-0.213,0,-0.977,15.041,31.745,5.457,"S","J"],[1074.202,1.618,-1065.196,-0.978,0,0.209,0,1,0,-0.209,0,-0.978,15.041,28.475,5.457,"S","J"],[1074.453,2.058,-1065.106,-0.978,0,0.209,0,1,0,-0.209,0,-0.978,15.065,25.205,5.39,"S","J"],[1074.704,2.444,-1065.016,-0.978,0,0.209,0,1,0,-0.209,0,-0.978,15.065,21.935,5.388,"S","J"],[1074.955,2.776,-1064.926,-0.978,0,0.209,0,1,0,-0.209,0,-0.978,15.065,18.665,5.388,"S","J"],[1075.206,3.053,-1064.837,-0.978,0,0.209,0,1,0,-0.209,0,-0.978,15.065,15.395,5.388,"S","J"],[1075.457,3.275,-1064.747,-0.978,0,0.209,0,1,0,-0.209,0,-0.978,15.065,12.125,5.388,"S","J"],[1075.708,3.443,-1064.657,-0.978,0,0.209,0,1,0,-0.209,0,-0.978,15.065,8.855,5.388,"S","J"],[1075.959,3.557,-1064.567,-0.978,0,0.209,0,1,0,-0.209,0,-0.978,15.065,5.585,5.388,"S","J"],[1076.21,3.616,-1064.477,-0.978,0,0.209,0,1,0,-0.209,0,-0.978,15.065,2.315,5.388,"S","J"],[1076.461,3.621,-1064.387,-0.978,0,0.209,0,1,0,-0.209,0,-0.978,15.065,-0.955,5.388,"S","J"],[1076.712,3.571,-1064.297,-0.978,0,0.209,0,1,0,-0.209,0,-0.978,15.065,-4.225,5.388,"S","J"],[1076.963,3.466,-1064.208,-0.978,0,0.209,0,1,0,-0.209,0,-0.978,15.065,-7.495,5.388,"S","J"],[1077.214,3.307,-1064.118,-0.978,0,0.209,0,1,0,-0.209,0,-0.978,15.065,-10.765,5.388,"S","J"],[1077.465,3.094,-1064.028,-0.978,0,0.209,0,1,0,-0.209,0,-0.978,15.065,-14.035,5.388,"S","J"],[1077.716,2.826,-1063.938,-0.978,0,0.209,0,1,0,-0.209,0,-0.978,15.065,-17.305,5.388,"S","J"],[1077.967,2.503,-1063.848,-0.978,0,0.209,0,1,0,-0.209,0,-0.978,15.065,-20.575,5.388,"S","J"],[1078.218,2.126,-1063.758,-0.978,0,0.209,0,1,0,-0.209,0,-0.978,15.065,-23.845,5.388,"S","J"],[1078.469,1.695,-1063.669,-0.978,0,0.209,0,1,0,-0.209,0,-0.978,15.065,-27.115,5.388,"S","J"],[1078.72,1.209,-1063.579,-0.978,0,0.209,0,1,0,-0.209,0,-0.978,15.065,-30.385,5.388,"S","J"],[1078.971,0.668,-1063.489,-0.978,0,0.209,0,1,0,-0.209,0,-0.978,15.065,-33.655,5.388,"S","J"],[1079.222,0.073,-1063.399,-0.978,0,0.209,0,1,0,-0.209,0,-0.978,15.065,-36.925,5.388,"S","J"],[1079.473,-0.576,-1063.309,-0.978,0,0.209,0,1,0,-0.209,0,-0.978,15.065,-40.195,5.388,"S","J"],[1079.724,-1.28,-1063.219,-0.978,0,0.209,0,1,0,-0.209,0,-0.978,15.065,-43.465,5.388,"S","J"],[1079.975,-2.039,-1063.13,-0.953,0,0.304,0,1,0,-0.304,0,-0.953,15.065,-46.735,5.388,7,"J"],[1080.226,-2.376,-1063.04,-0.942,0,0.335,0,1,0,-0.335,0,-0.942,15.065,-0.867,5.388,"S","J"],[1080.54,-2.251,-1062.927,-0.942,0,0.336,0,1,0,-0.336,0,-0.942,15.065,6.645,5.388,8,"J"],[1080.791,-2.164,-1062.838,-0.942,0,0.337,0,1,0,-0.337,0,-0.942,15.065,4.356,5.388,"S","J"],[1080.979,-2.122,-1062.77,-0.942,0,0.337,0,1,0,-0.337,0,-0.942,15.065,2.877,5.388,"S","J"],[1081.292,-2.083,-1062.658,-0.942,0,0.337,0,1,0,-0.337,0,-0.942,15.065,1.374,5.388,"S","J"],[1081.481,-2.07,-1062.59,-0.942,0,0.337,0,1,0,-0.337,0,-0.942,15.065,0.874,5.388,"S","J"],[1081.732,-2.06,-1062.501,-0.942,0,0.337,0,1,0,-0.337,0,-0.942,15.065,0.476,5.388,"S","J"],[1081.983,-2.054,-1062.411,-0.942,0,0.337,0,1,0,-0.337,0,-0.942,15.065,0.26,5.388,"S","J"],[1082.234,-2.051,-1062.321,-0.942,0,0.337,0,1,0,-0.337,0,-0.942,15.065,0.141,5.388,"S","J"],[1082.485,-2.05,-1062.231,-0.942,0,0.337,0,1,0,-0.337,0,-0.942,15.065,0.077,5.388,"S","J"],[1082.736,-2.049,-1062.141,-0.942,0,0.337,0,1,0,-0.337,0,-0.942,15.065,0.042,5.388,"S","J"],[1082.987,-2.048,-1062.051,-0.942,0,0.337,0,1,0,-0.337,0,-0.942,15.065,0.023,5.388,"S","J"],[1083.238,-2.048,-1061.962,-0.942,0,0.337,0,1,0,-0.337,0,-0.942,15.065,0.012,5.388,"S","J"],[1083.489,-2.048,-1061.872,-0.942,0,0.337,0,1,0,-0.337,0,-0.942,15.065,0.007,5.388,"S","J"],[1083.74,-2.048,-1061.782,-0.942,0,0.337,0,1,0,-0.337,0,-0.942,15.065,0.004,5.388,"S","J"],[1083.99,-2.048,-1061.692,-0.942,0,0.337,0,1,0,-0.337,0,-0.942,15.065,0.002,5.388,"S","J"],[1084.241,-2.048,-1061.602,-0.942,0,0.337,0,1,0,-0.337,0,-0.942,15.065,0.001,5.388,"S","J"],[1084.492,-2.048,-1061.512,-0.942,0,0.337,0,1,0,-0.337,0,-0.942,15.065,0.001,5.388,"S","J"],[1084.743,-2.048,-1061.422,-0.942,0,0.337,0,1,0,-0.337,0,-0.942,15.065,0,5.388,"S","J"],["s","v","S","J"],[1085.005,-2.048,-1061.371,-0.987,0,0.162,0,1,0,-0.162,0,-0.987,15.761,0,2.772,"S","J"],[1085.162,-1.888,-1061.343,-0.986,0,0.167,0,1,0,-0.167,0,-0.986,5.618,10.979,0.988,12,"J"],[1085.357,-1.74,-1061.309,-0.985,0,0.17,0,1,0,-0.17,0,-0.985,14.815,7.709,2.561,8,"J"],[1085.618,-1.645,-1061.264,-0.985,0,0.17,0,1,0,-0.17,0,-0.985,15.747,4.439,2.72,"S","J"],[1085.88,-1.58,-1061.219,-0.985,0,0.17,0,1,0,-0.17,0,-0.985,15.766,3.363,2.723,"S","J"],[1086.143,-1.539,-1061.173,-0.985,0,0.17,0,1,0,-0.17,0,-0.985,15.767,1.981,2.723,"S","J"],[1086.406,-1.516,-1061.128,-0.985,0,0.17,0,1,0,-0.17,0,-0.985,15.767,1.102,2.723,"S","J"],[1086.668,-1.503,-1061.083,-0.995,0,0.103,0,1,0,-0.103,0,-0.995,15.767,0.604,2.723,"S","J"],[1086.933,-1.496,-1061.052,-0.999,0,-0.049,0,1,0,0.049,0,-0.999,15.912,0.329,1.666,"S","J"],[1087.2,-1.492,-1061.058,-0.972,0,-0.237,0,1,0,0.237,0,-0.972,15.984,0.179,-0.629,"S","J"],[1087.46,-1.49,-1061.111,-0.939,0,-0.343,0,1,0,0.343,0,-0.939,15.593,0.098,-3.562,"S",1],[1087.72,-0.627,-1061.171,-0.992,0,-0.126,0,1,0,0.126,0,-0.992,15.593,50.547,-3.562,3,"J"],[1087.984,0.181,-1061.21,-0.976,0,-0.217,0,1,0,0.217,0,-0.976,15.874,47.277,-1.973,5,"J"],[1088.248,0.935,-1061.243,-0.967,0,-0.254,0,1,0,0.254,0,-0.967,15.877,44.007,-1.978,"S","J"],[1088.513,1.634,-1061.277,-0.966,0,-0.258,0,1,0,0.258,0,-0.966,15.868,40.737,-2.048,"S","J"],[1088.778,2.279,-1061.311,-0.966,0,-0.259,0,1,0,0.259,0,-0.966,15.868,37.467,-2.05,"S","J"],[1089.042,2.87,-1061.345,-0.966,0,-0.259,0,1,0,0.259,0,-0.966,15.868,34.197,-2.05,"S","J"],[1089.307,3.406,-1061.379,-0.966,0,-0.259,0,1,0,0.259,0,-0.966,15.868,30.927,-2.05,"S","J"],[1089.572,3.887,-1061.413,-0.966,0,-0.259,0,1,0,0.259,0,-0.966,15.868,27.657,-2.05,"S",0],[1089.828,4.314,-1061.424,-0.997,0,-0.074,0,1,0,0.074,0,-0.997,15.055,24.387,0.191,"S","J"],[1090.07,4.686,-1061.398,-0.998,0,-0.066,0,1,0,0.066,0,-0.998,14.242,21.117,2.431,"S","J"],[1090.299,5.004,-1061.334,-0.998,0,-0.065,0,1,0,0.065,0,-0.998,13.429,17.847,4.671,"S","J"],[1090.514,5.268,-1061.233,-0.998,0,-0.061,0,1,0,0.061,0,-0.998,12.615,14.577,6.912,"S","J"],[1090.716,5.476,-1061.094,-0.999,0,-0.048,0,1,0,0.048,0,-0.999,11.788,11.307,9.147,"S","J"],[1090.903,5.631,-1060.919,-1,0,-0.031,0,1,0,0.031,0,-1,10.886,8.037,11.353,"S","J"],[1091.067,5.81,-1060.747,-0.998,0,0.061,0,1,0,-0.061,0,-0.998,9.237,11.137,9.633,12,"J"],["s","v","S",1],[1091.441,6.548,-1061.131,-0.961,0.001,0.275,0.001,1,-0.003,-0.275,-0.002,-0.961,22.439,43.087,-23.019,3,"J"],[1091.808,7.232,-1061.49,-0.966,0.001,0.257,0.001,1,-0.002,-0.257,-0.002,-0.966,21.802,39.817,-20.653,5,"J"],[1092.165,7.862,-1061.81,-0.968,0,0.249,0,1,-0.001,-0.249,0,-0.968,21.201,36.547,-18.355,"S","J"],[1092.512,8.437,-1062.092,-0.967,0,0.253,0,1,0,-0.253,0,-0.967,20.603,33.277,-16.059,"S","J"],[1092.849,8.958,-1062.336,-0.968,0,0.253,0,1,0,-0.253,0,-0.968,20.002,30.007,-13.757,"S","J"],[1093.177,9.424,-1062.541,-0.968,0,0.253,0,1,0,-0.253,0,-0.968,19.399,26.737,-11.452,"S","J"],[1093.494,9.835,-1062.708,-0.968,0,0.253,0,1,0,-0.253,0,-0.968,18.794,23.467,-9.146,"S","J"],[1093.801,10.192,-1062.836,-0.968,0,0.253,0,1,0,-0.253,0,-0.968,18.19,20.197,-6.841,"S","J"],[1094.097,10.495,-1062.926,-0.968,0,0.253,0,1,0,-0.253,0,-0.968,17.585,16.927,-4.535,"S","J"],[1094.384,10.743,-1062.978,-0.968,0,0.253,0,1,0,-0.253,0,-0.968,16.981,13.657,-2.23,"S","J"],[1094.661,10.936,-1062.991,-0.969,0,0.248,0,1,0,-0.248,0,-0.969,16.376,10.387,0.076,"S","J"],[1094.928,11.075,-1062.966,-0.97,0,0.244,0,1,0,-0.244,0,-0.97,15.775,7.117,2.382,"S","J"],[1095.184,11.16,-1062.902,-0.97,0,0.244,0,1,0,-0.244,0,-0.97,15.18,3.847,4.69,"S","J"],[1095.433,11.19,-1062.807,-0.97,0,0.244,0,1,0,-0.244,0,-0.97,14.869,0.577,5.896,"S","J"],[1095.681,11.166,-1062.709,-0.97,0,0.244,0,1,0,-0.244,0,-0.97,14.86,-2.693,5.931,8,0],[1095.936,11.395,-1062.711,0.984,0,0.18,0,1,0,-0.18,0,0.984,15.51,16.616,-2.986,"S","J"],[1096.193,11.629,-1062.777,0.969,0,0.248,0,1,0,-0.248,0,0.969,15.457,11.906,-4.113,"S","J"],[1096.449,11.773,-1062.852,0.953,0,0.303,0,1,0,-0.303,0,0.953,15.34,6.935,-4.546,"S","J"],[1096.703,11.854,-1062.933,0.939,0,0.345,0,1,0,-0.345,0,0.939,15.233,3.848,-4.895,"S","J"],[1096.954,11.899,-1063.024,0.924,0,0.383,0,1,0,-0.383,0,0.924,15.022,2.106,-5.507,"S","J"],[1097.201,11.923,-1063.124,0.905,0,0.425,0,1,0,-0.425,0,0.905,14.785,1.149,-6.116,"S","J"],[1097.443,11.937,-1063.236,0.889,0,0.457,0,1,0,-0.457,0,0.889,14.493,0.626,-6.779,"S","J"],[1097.681,11.944,-1063.356,0.883,0,0.469,0,1,0,-0.469,0,0.883,14.236,0.341,-7.303,"S","J"],[1097.855,11.947,-1063.455,0.866,0,0.501,0,1,0,-0.501,0,0.866,13.868,0.216,-7.977,"S","J"],["s","v","S","J"],[1098.09,11.949,-1063.581,0.878,0,0.479,0,1,0,-0.479,0,0.878,14.125,0.118,-7.517,"S","J"],[1098.326,11.951,-1063.706,0.883,0,0.47,0,1,0,-0.47,0,0.883,14.13,0.064,-7.507,"S","J"],[1098.561,11.952,-1063.831,0.883,0,0.469,0,1,0,-0.469,0,0.883,14.13,0.035,-7.506,"S","J"],[1098.796,11.952,-1063.956,0.883,0,0.469,0,1,0,-0.469,0,0.883,14.13,0.019,-7.507,"S","J"],[1099.032,11.952,-1064.081,0.883,0,0.469,0,1,0,-0.469,0,0.883,14.13,0.01,-7.507,"S","J"],[1099.267,11.952,-1064.206,0.879,0,0.477,0,1,0,-0.477,0,0.879,14.13,0.006,-7.507,"S","J"],[1099.501,11.98,-1064.333,0.872,0,0.489,0,1,0,-0.489,0,0.872,14.062,1.905,-7.632,"S","J"],[1099.73,12.033,-1064.444,0.869,-0.001,0.494,0.012,1,-0.019,-0.494,0.022,0.869,13.718,3.16,-6.973,"S","J"],[1099.957,12.1,-1064.538,0.869,-0.001,0.494,0.017,0.999,-0.028,-0.494,0.033,0.869,13.785,4.051,-8.132,"S","J"],[1100.189,12.171,-1064.668,0.856,0.002,0.517,0.004,1,-0.01,-0.517,0.01,0.856,14.056,3.843,-7.118,"S","J"],[1100.418,12.203,-1064.801,0.851,0.003,0.526,0,1,-0.006,-0.526,0.006,0.85,13.695,1.199,-8.114,"S","J"],[1100.646,12.164,-1064.938,0.84,0.002,0.543,0,1,-0.003,-0.543,0.003,0.84,13.606,-3.58,-8.381,"S",1],[1101.016,13.257,-1065.078,-0.003,0.012,1,-0.002,1,-0.012,-1,-0.002,-0.003,13.607,64.328,-8.382,3,"J"],[1101.22,14.295,-1065.228,0.081,0.005,0.997,-0.002,1,-0.005,-0.997,-0.002,0.081,11.443,61.058,-9.476,5,"J"],[1101.39,15.279,-1065.398,0.117,0.001,0.993,-0.001,1,-0.001,-0.993,-0.001,0.117,9.42,57.787,-10.631,"S","J"],[1101.526,16.208,-1065.587,0.121,0,0.993,0,1,0,-0.993,0,0.121,7.373,54.517,-11.796,"S","J"],[1101.627,17.082,-1065.796,0.122,0,0.993,0,1,0,-0.993,0,0.122,5.299,51.247,-12.959,"S","J"],["s","v","S","J"],[1101.694,17.902,-1066.025,0.149,0,0.989,0,1,0,-0.989,0,0.149,3.244,47.977,-14.164,"S","J"],[1101.727,18.668,-1066.274,0.158,0,0.987,0,1,0,-0.987,0,0.158,1.212,44.707,-15.412,"S","J"],[1101.736,19.379,-1066.539,0.167,0,0.986,0,1,0,-0.986,0,0.167,0.419,41.437,-15.983,"S","J"],[1101.744,20.036,-1066.805,0.176,0,0.984,0,1,0,-0.984,0,0.176,0.545,38.167,-15.991,"S","J"],[1101.756,20.638,-1067.072,0.18,0,0.984,0,1,0,-0.984,0,0.18,0.689,34.897,-15.985,"S","J"],[1101.768,21.185,-1067.339,0.18,0,0.984,0,1,0,-0.984,0,0.18,0.763,31.627,-15.982,"S","J"],[1101.781,21.678,-1067.605,0.18,0,0.984,0,1,0,-0.984,0,0.18,0.765,28.357,-15.982,"S","J"],[1101.794,22.117,-1067.872,0.18,0,0.984,0,1,0,-0.984,0,0.18,0.765,25.087,-15.982,"S","J"],[1101.783,22.501,-1068.13,0.187,0,0.982,0,1,0,-0.982,0,0.187,-1.489,21.817,-15.207,"S","J"],[1101.734,22.83,-1068.375,0.18,0,0.984,0,1,0,-0.984,0,0.18,-3.743,18.547,-14.431,"S","J"],["s","v","S","J"],[1101.649,23.105,-1068.607,0.113,0,0.994,0,1,0,-0.994,0,0.113,-5.954,15.277,-13.543,"S","J"],[1101.527,23.326,-1068.823,0.112,0,0.994,0,1,0,-0.994,0,0.112,-8.162,12.007,-12.644,"S","J"],[1101.411,23.456,-1068.976,0.081,0,0.997,0,1,0,-0.997,0,0.081,-9.817,9.555,-11.97,"S","J"],[1101.229,23.581,-1069.167,0.107,0,0.994,0,1,0,-0.994,0,0.107,-11.234,6.285,-11.364,"S","J"],[1101.041,23.652,-1069.356,0.107,0,0.994,0,1,0,-0.994,0,0.107,-11.285,3.015,-11.342,"S","J"],[1100.911,23.662,-1069.592,0.043,0,0.999,0,1,0,-0.999,0,0.043,1.008,-1.169,-11.337,"S","J"],[1100.903,23.609,-1069.781,0.066,0,0.998,0,1,0,-0.998,0,0.066,-1.387,-4.439,-11.347,"S","J"],["s","v","S","J"],[1101.412,24.291,-1070.092,0.744,0.001,0.668,-0.001,1,-0.001,-0.668,0,0.744,0.695,36.132,-15.856,7,"J"],[1101.414,24.859,-1070.358,0.741,-0.001,0.672,0,1,0,-0.672,0,0.741,0.056,32.862,-15.999,"S","J"],[1101.415,25.249,-1070.543,0.718,-0.001,0.696,0,1,0,-0.696,0,0.718,0.077,30.41,-14.21,8,"J"],[1101.416,26.32,-1070.839,0.717,0,0.697,0,1,0,-0.697,0,0.717,0.077,49.73,-14.21,3,"J"],[1101.417,26.921,-1071.031,0.744,0,0.668,0,1,0,-0.668,0,0.744,0.041,47.277,-15.774,5,"J"],[1101.417,27.855,-1071.364,0.791,0,0.612,0,1,0,-0.612,0,0.791,0.034,43.19,-15.998,"S","J"],[1101.418,28.54,-1071.63,0.778,0,0.628,0,1,0,-0.628,0,0.778,0.033,39.92,-16,"S","J"],[1101.418,29.019,-1071.83,0.762,0,0.648,0,1,0,-0.648,0,0.762,0.033,37.467,-16,"S","J"],[1101.419,29.467,-1072.03,0.762,0,0.648,0,1,0,-0.648,0,0.762,0.033,35.015,-16,"S","J"],[1101.419,30.145,-1072.363,0.795,0,0.607,0,1,0,-0.607,0,0.795,0.033,30.927,-16,"S","J"],[1101.42,30.627,-1072.63,0.778,0,0.628,0,1,0,-0.628,0,0.778,0.034,27.657,-16,"S","J"],[1101.42,30.952,-1072.83,0.762,0,0.648,0,1,0,-0.648,0,0.762,0.034,25.205,-16,"S","J"],[1101.421,31.338,-1073.097,0.778,0,0.628,0,1,0,-0.628,0,0.778,0.034,21.935,-16,"S","J"],[1101.421,31.744,-1073.43,0.795,0,0.607,0,1,0,-0.607,0,0.795,0.034,17.847,-16,"S","J"],[1101.422,32.007,-1073.696,0.778,0,0.628,0,1,0,-0.628,0,0.778,0.034,14.577,-16,"S","J"],[1101.422,32.216,-1073.963,0.778,0,0.628,0,1,0,-0.628,0,0.778,0.034,11.307,-16,"S","J"],[1101.423,32.37,-1074.23,0.778,0,0.628,0,1,0,-0.628,0,0.778,0.034,8.037,-16,"S","J"],[1101.423,32.47,-1074.496,0.778,0,0.628,0,1,0,-0.628,0,0.778,0.034,4.767,-16,"S","J"],[1101.424,32.516,-1074.763,0.778,0,0.628,0,1,0,-0.628,0,0.778,0.034,1.497,-16,"S","J"],[1101.424,32.507,-1075.029,0.778,0,0.628,0,1,0,-0.628,0,0.778,0.034,-1.773,-16,"S","J"],[1101.425,32.464,-1075.229,0.762,0,0.648,0,1,0,-0.648,0,0.762,0.034,-4.225,-16,"S","J"],[1101.425,32.36,-1075.496,0.778,0,0.628,0,1,0,-0.628,0,0.778,0.034,-7.495,-16,"S","J"],[1101.426,32.152,-1075.829,0.795,0,0.607,0,1,0,-0.607,0,0.795,0.034,-11.583,-16,"S","J"],[1101.426,31.987,-1076.029,0.762,0,0.648,0,1,0,-0.648,0,0.762,0.034,-14.035,-16,"S","J"],[1101.427,31.719,-1076.296,0.778,0,0.628,0,1,0,-0.628,0,0.778,0.034,-17.305,-16,"S","J"],[1101.427,31.307,-1076.629,0.795,0,0.607,0,1,0,-0.607,0,0.795,0.034,-21.393,-16,"S","J"],[1101.428,30.917,-1076.896,0.778,0,0.628,0,1,0,-0.628,0,0.778,0.034,-24.663,-16,"S","J"],[1101.428,30.472,-1077.162,0.778,0,0.628,0,1,0,-0.628,0,0.778,0.034,-27.933,-16,"S","J"],[1101.429,29.972,-1077.429,0.778,0,0.628,0,1,0,-0.628,0,0.778,0.034,-31.202,-16,"S","J"],[1101.429,29.418,-1077.695,0.778,0,0.628,0,1,0,-0.628,0,0.778,0.034,-34.472,-16,"S",0],[1101.444,28.967,-1077.893,0.354,0,0.935,0,1,0,-0.935,0,0.354,1.804,-36.925,-15.757,"S","J"],[1101.516,28.146,-1078.217,0.421,0,0.907,0,1,0,-0.907,0,0.421,4.173,-41.013,-15.433,"S","J"],[1101.587,27.429,-1078.474,0.397,0,0.918,0,1,0,-0.918,0,0.397,4.268,-44.283,-15.42,"S","J"],[1101.641,26.855,-1078.667,0.303,0,0.953,0,1,0,-0.953,0,0.303,4.337,-46.735,-15.401,7,"J"],[1101.731,26.528,-1078.988,0.277,0,0.961,0,1,0,-0.961,0,0.277,4.34,3.265,-15.4,"S","J"],[1101.803,26.632,-1079.245,0.272,0,0.962,0,1,0,-0.962,0,0.272,4.34,6.387,-15.4,8,"J"],[1101.858,26.699,-1079.437,0.271,0,0.962,0,1,0,-0.962,0,0.271,4.34,4.771,-15.4,"S","J"],[1101.948,26.767,-1079.758,0.271,0,0.963,0,1,0,-0.963,0,0.271,4.34,2.406,-15.4,"S","J"],[1102.02,26.795,-1080.015,0.271,0,0.963,0,1,0,-0.963,0,0.271,4.34,1.328,-15.4,"S","J"],[1102.095,26.81,-1080.271,0.284,0,0.959,0,1,0,-0.959,0,0.284,4.545,0.726,-15.341,"S","J"],[1102.171,26.818,-1080.527,0.284,0,0.959,0,1,0,-0.959,0,0.284,4.55,0.396,-15.34,"S","J"],["s","v","S","J"],[1102.256,26.823,-1080.794,0.35,0.001,0.937,0.027,1,-0.011,-0.936,0.029,0.35,5.203,0.232,-15.771,"S","J"],[1102.343,26.826,-1081.049,0.33,0.001,0.944,0.007,1,-0.003,-0.944,0.008,0.33,5.242,0.113,-15.083,"S","J"],[1102.431,26.827,-1081.299,0.328,0,0.945,-0.001,1,0.001,-0.945,-0.001,0.328,5.246,0.061,-15.029,"S","J"],[1102.54,26.828,-1081.614,0.328,0,0.945,-0.001,1,0,-0.945,-0.001,0.328,5.241,0.029,-15.109,"S","J"],[1102.605,26.828,-1081.803,0.328,0,0.945,0,1,0,-0.945,0,0.328,5.24,0.019,-15.123,"S","J"],["s","v","S","J"],[1102.688,26.828,-1082.056,0.345,0,0.939,0,1,0,-0.939,0,0.345,4.903,0.01,-15.23,"S","J"],[1102.77,26.828,-1082.31,0.311,0,0.951,0,1,0,-0.951,0,0.311,4.897,0.006,-15.233,"S","J"],[1102.851,26.828,-1082.564,0.307,0,0.952,0,1,0,-0.952,0,0.307,4.896,0.003,-15.233,"S","J"],[1102.933,26.828,-1082.818,0.306,0,0.952,0,1,0,-0.952,0,0.306,4.896,0.002,-15.232,"S","J"],[1103.014,26.828,-1083.072,0.306,0,0.952,0,1,0,-0.952,0,0.306,4.896,0.001,-15.232,"S","J"],[1103.096,26.828,-1083.326,0.306,0,0.952,0,1,0,-0.952,0,0.306,4.896,0,-15.232,"S","J"],[1103.177,26.828,-1083.58,0.306,0,0.952,0,1,0,-0.952,0,0.306,4.896,0,-15.232,"S","J"],[1103.259,26.828,-1083.834,0.306,0,0.952,0,1,0,-0.952,0,0.306,4.896,0,-15.232,"S","J"],[1103.34,26.828,-1084.088,0.306,0,0.952,0,1,0,-0.952,0,0.306,4.896,0,-15.232,"S","J"],[1103.422,26.828,-1084.341,0.306,0,0.952,0,1,0,-0.952,0,0.306,4.896,0,-15.232,"S","J"],[1103.503,26.828,-1084.595,0.306,0,0.952,0,1,0,-0.952,0,0.306,"v","S","J"],[1103.585,26.828,-1084.849,0.306,0,0.952,0,1,0,-0.952,0,0.306,"v","S","J"],[1103.667,26.828,-1085.103,0.302,0,0.953,0,1,0,-0.953,0,0.302,"v","S","J"],[1103.747,26.828,-1085.357,0.302,0,0.953,0,1,0,-0.953,0,0.302,4.829,0,-15.254,"S","J"],[1103.828,26.828,-1085.612,0.302,0,0.953,0,1,0,-0.953,0,0.302,4.827,0,-15.254,"S","J"],[1103.908,26.828,-1085.866,0.302,0,0.953,0,1,0,-0.953,0,0.302,4.827,0,-15.254,"S","J"],[1104.009,26.828,-1086.184,0.302,0,0.953,0,1,0,-0.953,0,0.302,4.827,0,-15.254,"S","J"],[1104.069,26.828,-1086.375,0.302,0,0.953,0,1,0,-0.953,0,0.302,"v","S","J"],[1104.15,26.828,-1086.629,0.302,0,0.953,0,1,0,-0.953,0,0.302,"v","S","J"],[1104.231,26.828,-1086.884,0.297,0,0.955,0,1,0,-0.955,0,0.297,"v","S","J"],[1104.31,26.828,-1087.138,0.297,0,0.955,0,1,0,-0.955,0,0.297,4.759,0,-15.276,"S","J"],[1104.389,26.828,-1087.393,0.293,0,0.956,0,1,0,-0.956,0,0.293,4.758,0,-15.276,"S","J"],[1104.467,26.828,-1087.647,0.293,0,0.956,0,1,0,-0.956,0,0.293,4.69,0,-15.297,"S","J"],[1104.546,26.828,-1087.902,0.289,0,0.957,0,1,0,-0.957,0,0.289,4.689,0,-15.298,"S","J"],[1104.623,26.828,-1088.158,0.284,0,0.959,0,1,0,-0.959,0,0.284,4.621,0,-15.318,"S","J"],[1104.699,26.828,-1088.413,0.284,0,0.959,0,1,0,-0.959,0,0.284,4.551,0,-15.339,"S","J"],[1104.774,26.828,-1088.669,0.28,0,0.96,0,1,0,-0.96,0,0.28,4.55,0,-15.34,"S","J"],[1104.849,26.828,-1088.925,0.28,0,0.96,0,1,0,-0.96,0,0.28,4.481,0,-15.36,"S","J"],[1104.924,26.828,-1089.181,0.276,0,0.961,0,1,0,-0.961,0,0.276,4.48,0,-15.36,"S","J"],[1104.998,26.828,-1089.437,0.276,0,0.961,0,1,0,-0.961,0,0.276,4.412,0,-15.38,"S","J"],[1105.071,26.828,-1089.694,0.271,0,0.963,0,1,0,-0.963,0,0.271,4.41,0,-15.38,"S","J"],[1105.144,26.828,-1089.95,0.267,0,0.964,0,1,0,-0.964,0,0.267,4.342,0,-15.4,"S","J"],[1105.215,26.828,-1090.207,0.267,0,0.964,0,1,0,-0.964,0,0.267,4.272,0,-15.419,"S","J"],[1105.286,26.828,-1090.464,0.267,0,0.964,0,1,0,-0.964,0,0.267,4.27,0,-15.42,"S","J"],[1105.358,26.828,-1090.721,0.267,0,0.964,0,1,0,-0.964,0,0.267,4.27,0,-15.42,"S","J"],[1105.447,26.828,-1091.042,0.267,0,0.964,0,1,0,-0.964,0,0.267,4.27,0,-15.42,"S","J"],[1105.5,26.828,-1091.234,0.267,0,0.964,0,1,0,-0.964,0,0.267,"v","S","J"],[1105.572,26.828,-1091.491,0.267,0,0.964,0,1,0,-0.964,0,0.267,"v","S","J"],[1105.643,26.828,-1091.748,0.267,0,0.964,0,1,0,-0.964,0,0.267,"v","S","J"],[1105.732,26.828,-1092.069,0.267,0,0.964,0,1,0,-0.964,0,0.267,"v","S","J"],[1105.786,26.828,-1092.262,0.267,0,0.964,0,1,0,-0.964,0,0.267,"v","S","J"],[1105.857,26.828,-1092.519,0.267,0,0.964,0,1,0,-0.964,0,0.267,"v","S","J"],[1105.928,26.828,-1092.776,0.267,0,0.964,0,1,0,-0.964,0,0.267,4.27,0,-15.42,"S","J"],[1105.999,26.828,-1093.032,0.267,0,0.964,0,1,0,-0.964,0,0.267,4.27,0,-15.42,"S","J"],[1106.071,26.828,-1093.289,0.267,0,0.964,0,1,0,-0.964,0,0.267,"v","S","J"],[1106.142,26.828,-1093.546,0.267,0,0.964,0,1,0,-0.964,0,0.267,"v","S","J"],[1106.213,26.828,-1093.803,0.267,0,0.964,0,1,0,-0.964,0,0.267,"v","S","J"],[1106.302,26.828,-1094.124,0.267,0,0.964,0,1,0,-0.964,0,0.267,"v","S","J"],[1106.356,26.828,-1094.317,0.267,0,0.964,0,1,0,-0.964,0,0.267,"v","S","J"],[1106.427,26.828,-1094.573,0.267,0,0.964,0,1,0,-0.964,0,0.267,"v","S","J"],[1106.498,26.828,-1094.83,0.267,0,0.964,0,1,0,-0.964,0,0.267,"v","S","J"],[1106.57,26.828,-1095.087,0.267,0,0.964,0,1,0,-0.964,0,0.267,"v","S","J"],[1106.641,26.794,-1095.344,0.267,0,0.964,0,1,0,-0.964,0,0.267,4.27,-3.27,-15.42,"S","J"],[1106.73,26.675,-1095.665,0.267,0,0.964,0,1,0,-0.964,0,0.267,4.27,-7.357,-15.42,"S","J"],[1106.784,26.563,-1095.858,0.267,0,0.964,0,1,0,-0.964,0,0.267,4.27,-9.81,-15.42,"S","J"],[1106.855,26.365,-1096.114,0.267,0,0.964,0,1,0,-0.964,0,0.267,4.27,-13.08,-15.42,"S","J"],[1106.926,26.113,-1096.371,0.267,0,0.964,0,1,0,-0.964,0,0.267,4.27,-16.35,-15.42,"S",1],[1106.997,26.986,-1096.628,0.267,0,0.964,0,1,0,-0.964,0,0.267,4.27,51.365,-15.42,3,"J"],[1107.069,27.808,-1096.885,0.354,0,0.935,0,1,0,-0.935,0,0.354,4.27,48.095,-15.42,5,"J"],[1107.14,28.576,-1097.142,0.388,0,0.922,0,1,0,-0.922,0,0.388,4.27,44.825,-15.42,"S","J"],[1107.211,29.289,-1097.399,0.392,0,0.92,0,1,0,-0.92,0,0.392,4.27,41.555,-15.42,"S","J"],[1107.283,29.947,-1097.655,0.393,0,0.92,0,1,0,-0.92,0,0.393,4.27,38.285,-15.42,"S","J"],[1107.354,30.551,-1097.912,0.393,0,0.92,0,1,0,-0.92,0,0.393,4.27,35.015,-15.42,"S","J"],[1107.425,31.101,-1098.169,0.393,0,0.92,0,1,0,-0.92,0,0.393,4.27,31.745,-15.42,"S","J"],[1107.496,31.596,-1098.426,0.393,0,0.92,0,1,0,-0.92,0,0.393,4.27,28.475,-15.42,"S","J"],[1107.568,32.036,-1098.683,0.393,0,0.92,0,1,0,-0.92,0,0.393,4.27,25.205,-15.42,"S","J"],[1107.639,32.422,-1098.94,0.393,0,0.92,0,1,0,-0.92,0,0.393,4.27,21.935,-15.42,"S","J"],[1107.71,32.754,-1099.196,0.393,0,0.92,0,1,0,-0.92,0,0.393,4.27,18.665,-15.42,"S","J"],[1107.782,33.031,-1099.453,0.393,0,0.92,0,1,0,-0.92,0,0.393,4.27,15.395,-15.42,"S","J"],[1107.853,33.254,-1099.71,0.393,0,0.92,0,1,0,-0.92,0,0.393,4.27,12.125,-15.42,"S","J"],[1107.924,33.422,-1099.967,0.393,0,0.92,0,1,0,-0.92,0,0.393,4.27,8.855,-15.42,"S","J"],[1107.995,33.535,-1100.224,0.393,0,0.92,0,1,0,-0.92,0,0.393,4.27,5.585,-15.42,"S","J"],[1108.085,33.6,-1100.545,0.423,0,0.906,0,1,0,-0.906,0,0.423,4.27,1.497,-15.42,"S","J"],[1108.138,33.599,-1100.737,0.362,0,0.932,0,1,0,-0.932,0,0.362,4.27,-0.955,-15.42,"S",0],[1108.209,33.549,-1100.994,0.393,0,0.92,0,1,0,-0.92,0,0.393,4.27,-4.225,-15.42,"S","J"],[1108.281,33.444,-1101.251,0.393,0,0.92,0,1,0,-0.92,0,0.393,4.27,-7.495,-15.42,"S","J"],[1108.352,33.285,-1101.508,0.393,0,0.92,0,1,0,-0.92,0,0.393,4.27,-10.765,-15.42,"S","J"],[1108.423,33.072,-1101.765,0.393,0,0.92,0,1,0,-0.92,0,0.393,4.27,-14.035,-15.42,"S","J"],[1108.495,32.804,-1102.022,0.393,0,0.92,0,1,0,-0.92,0,0.393,4.27,-17.305,-15.42,"S","J"],[1108.566,32.481,-1102.278,0.393,0,0.92,0,1,0,-0.92,0,0.393,4.27,-20.575,-15.42,"S","J"],[1108.655,32.001,-1102.599,0.423,0,0.906,0,1,0,-0.906,0,0.423,4.27,-24.663,-15.42,"S","J"],[1108.708,31.673,-1102.792,0.362,0,0.932,0,1,0,-0.932,0,0.362,4.27,-27.115,-15.42,"S","J"],[1108.78,31.187,-1103.049,0.393,0,0.92,0,1,0,-0.92,0,0.393,4.27,-30.385,-15.42,"S","J"],[1108.869,30.503,-1103.37,0.423,0,0.906,0,1,0,-0.906,0,0.423,4.27,-34.473,-15.42,"S","J"],[1108.94,29.894,-1103.627,0.393,0,0.92,0,1,0,-0.92,0,0.393,4.27,-37.743,-15.42,"S","J"],[1108.994,29.402,-1103.819,0.362,0,0.932,0,1,0,-0.932,0,0.362,4.27,-40.195,-15.42,"S","J"],[1109.065,28.698,-1104.076,0.393,0,0.92,0,1,0,-0.92,0,0.393,4.27,-43.465,-15.42,"S","J"],[1109.136,27.939,-1104.333,0.393,0,0.92,0,1,0,-0.92,0,0.393,4.27,-46.735,-15.42,"S","J"],[1109.207,27.126,-1104.59,0.393,0,0.92,0,1,0,-0.92,0,0.393,4.27,-50.005,-15.42,"S","J"],[1109.279,26.259,-1104.847,0.393,0,0.92,0,1,0,-0.92,0,0.393,4.27,-53.275,-15.42,"S","J"],[1109.35,25.337,-1105.104,0.393,0,0.92,0,1,0,-0.92,0,0.393,4.27,-56.545,-15.42,"S","J"],[1109.421,24.36,-1105.36,0.393,0,0.92,0,1,0,-0.92,0,0.393,4.27,-59.815,-15.42,"S","J"],[1109.51,23.063,-1105.682,0.423,0,0.906,0,1,0,-0.906,0,0.423,4.27,-63.903,-15.42,"S","J"],["s","v","S","J"],[1109.557,21.964,-1105.937,-0.216,0,0.976,0,1,0,-0.976,0,-0.216,1.889,-67.173,-15.323,"S","J"],[1109.499,21.446,-1106.189,-0.311,0,0.95,0,1,0,-0.95,0,-0.311,-5.188,-4.725,-15.021,7,"J"],[1109.408,21.529,-1106.439,-0.342,0,0.94,0,1,0,-0.94,0,-0.342,-5.497,6.902,-15.007,"S","J"],[1109.317,21.64,-1106.689,-0.348,0,0.937,0,1,0,-0.937,0,-0.348,-5.504,5.847,-15.007,8,"J"],[1109.224,21.71,-1106.939,-0.357,0,0.934,0,1,0,-0.934,0,-0.357,-5.57,3.24,-14.982,"S","J"],[1109.129,21.744,-1107.188,-0.361,0,0.932,0,1,0,-0.932,0,-0.361,-5.704,1.493,-14.93,"S","J"],[1109.033,21.706,-1107.436,-0.366,0,0.931,0,1,0,-0.931,0,-0.366,-5.764,-3.643,-14.88,"S","J"],[1108.936,21.611,-1107.683,-0.374,0,0.927,0,1,0,-0.927,0,-0.374,-5.831,-6.913,-14.852,"S","J"],[1108.822,21.484,-1107.922,-0.444,0,0.896,0,1,0,-0.896,0,-0.444,-7.017,-4.892,-14.21,"S","J"],["s","v","S","J"],[1108.643,21.426,-1108.198,-0.524,0,0.852,0,1,0,-0.852,0,-0.524,-8.749,-2.486,-13.166,"S","J"],[1108.534,21.413,-1108.363,-0.554,0,0.833,0,1,0,-0.833,0,-0.554,-8.761,-1.443,-13.158,"S","J"],[1108.388,21.374,-1108.582,-0.554,0,0.832,0,1,0,-0.832,0,-0.554,-8.762,-2.448,-13.158,"S","J"],[1108.205,21.284,-1108.856,-0.554,0,0.832,0,1,0,-0.832,0,-0.554,-8.762,-3.687,-13.158,"S","J"],[1108.096,21.25,-1109.021,-0.554,0,0.832,0,1,0,-0.832,0,-0.554,-8.762,-2.532,-13.158,"S","J"],[1107.95,21.209,-1109.24,-0.554,0,0.832,0,1,0,-0.832,0,-0.554,-8.762,-2.469,-13.158,"S","J"],[1107.767,21.106,-1109.514,-0.554,0,0.832,0,1,0,-0.832,0,-0.554,-8.762,-6.557,-13.158,"S","J"],[1107.658,21.066,-1109.678,-0.554,0,0.832,0,1,0,-0.832,0,-0.554,-8.762,-2.684,-13.158,"S","J"],[1107.512,21.024,-1109.898,-0.554,0,0.832,0,1,0,-0.832,0,-0.554,-8.762,-2.472,-13.158,"S","J"],[1107.366,21.012,-1110.117,-0.554,0,0.832,0,1,0,-0.832,0,-0.554,-8.762,-1.026,-13.158,"S","J"],[1107.219,20.915,-1110.338,-0.566,0,0.825,0,1,0,-0.825,0,-0.566,-8.84,-7.251,-13.275,"S","J"],[1107.069,20.782,-1110.557,-0.577,0,0.817,0,1,0,-0.817,0,-0.577,-9.006,-5.238,-13.14,"S","J"],[1106.916,20.707,-1110.775,-0.584,0,0.812,0,1,0,-0.812,0,-0.584,-9.205,-1.831,-13.047,"S","J"],[1106.761,20.712,-1110.991,-0.591,0,0.806,0,1,0,-0.806,0,-0.591,-9.314,0.686,-12.948,"S","J"],[1106.604,20.741,-1111.205,-0.595,0,0.804,0,1,0,-0.804,0,-0.595,-9.418,1.684,-12.844,"S","J"],[1106.446,20.739,-1111.419,-0.595,0,0.804,0,1,0,-0.804,0,-0.595,-9.5,-0.872,-12.832,"S","J"],[1106.288,20.722,-1111.633,-0.595,0,0.804,0,1,0,-0.804,0,-0.595,-9.502,-1.02,-12.832,"S","J"],[1106.13,20.736,-1111.846,-0.599,0,0.801,0,1,0,-0.801,0,-0.599,-9.478,1.068,-12.8,"S","J"],[1105.931,20.739,-1112.112,-0.599,0,0.801,0,1,0,-0.801,0,-0.599,-9.535,-1.093,-12.756,"S","J"],[1105.773,20.714,-1112.324,-0.599,0,0.801,0,1,0,-0.801,0,-0.599,-9.535,-1.532,-12.755,"S","J"],[1105.653,20.674,-1112.484,-0.599,0,0.801,0,1,0,-0.801,0,-0.599,-9.548,-3.985,-12.773,"S","J"],[1105.495,20.663,-1112.696,-0.599,0,0.801,0,1,0,-0.801,0,-0.599,-9.511,0.019,-12.723,"S","J"],[1105.336,20.646,-1112.908,-0.599,0,0.801,0,1,0,-0.801,0,-0.599,-9.51,-1.768,-12.722,"S",1],[1105.177,21.519,-1113.12,-0.599,0,0.801,0,1,0,-0.801,0,-0.599,-9.51,51.365,-12.722,3,"J"],[1104.978,22.538,-1113.386,-0.496,0,0.868,0,1,0,-0.868,0,-0.496,-9.579,47.277,-12.814,5,"J"],[1104.858,23.108,-1113.547,-0.518,0,0.855,0,1,0,-0.855,0,-0.518,-9.58,44.825,-12.815,"S","J"],[1104.698,23.821,-1113.76,-0.488,0,0.873,0,1,0,-0.873,0,-0.488,-9.58,41.555,-12.815,"S","J"],["s","v","S","J"],[1104.527,24.48,-1113.964,-0.545,0,0.838,0,1,0,-0.838,0,-0.545,-10.409,38.285,-12.15,"S","J"],[1104.353,25.084,-1114.166,-0.545,0,0.83