[[1048.748,-16.497,-1097.89,-0.997,0,-0.081,0,1,0,0.081,0,-0.997,0,0,0,8,0],["s","v","S","J"],[1048.851,-16.497,-1097.766,-0.601,0,0.799,0,1,0,-0.799,0,-0.601,8.234,0,9.898,"S","J"],[1048.976,-16.497,-1097.619,-0.634,0,0.774,0,1,0,-0.774,0,-0.634,10.232,0,12.085,"S","J"],[1049.148,-16.497,-1097.416,-0.647,0,0.762,0,1,0,-0.762,0,-0.647,10.341,0,12.205,"S","J"],[1049.321,-16.497,-1097.213,-0.65,0,0.76,0,1,0,-0.76,0,-0.65,10.398,0,12.161,"S","J"],[1049.538,-16.497,-1096.96,-0.65,0,0.76,0,1,0,-0.76,0,-0.65,10.399,0,12.16,"S","J"],[1049.668,-16.497,-1096.808,-0.65,0,0.76,0,1,0,-0.76,0,-0.65,10.399,0,12.16,"S","J"],[1049.884,-16.497,-1096.554,-0.653,0,0.757,0,1,0,-0.757,0,-0.653,"v","S","J"],[1050.059,-16.497,-1096.352,-0.653,0,0.757,0,1,0,-0.757,0,-0.653,10.453,0,12.113,"S","J"],[1050.233,-16.497,-1096.151,-0.653,0,0.757,0,1,0,-0.757,0,-0.653,10.454,0,12.113,"S","J"],[1050.407,-16.497,-1095.949,-0.653,0,0.757,0,1,0,-0.757,0,-0.653,10.454,0,12.113,"S","J"],[1050.538,-16.497,-1095.798,-0.653,0,0.757,0,1,0,-0.757,0,-0.653,"v","S","J"],[1050.712,-16.497,-1095.596,-0.653,0,0.757,0,1,0,-0.757,0,-0.653,"v","S","J"],[1050.887,-16.497,-1095.395,-0.653,0,0.757,0,1,0,-0.757,0,-0.653,"v","S","J"],[1051.061,-16.497,-1095.193,-0.65,0,0.76,0,1,0,-0.76,0,-0.65,"v","S","J"],[1051.234,-16.497,-1094.99,-0.646,0,0.763,0,1,0,-0.763,0,-0.646,10.4,0,12.159,"S","J"],[1051.407,-16.497,-1094.787,-0.643,0,0.766,0,1,0,-0.766,0,-0.643,10.345,0,12.206,"S","J"],[1051.621,-16.497,-1094.532,-0.64,0,0.769,0,1,0,-0.769,0,-0.64,10.289,0,12.253,"S","J"],[1051.749,-16.497,-1094.378,-0.636,0,0.772,0,1,0,-0.772,0,-0.636,10.235,0,12.298,"S","J"],[1051.961,-16.497,-1094.121,-0.633,0,0.775,0,1,0,-0.775,0,-0.633,10.177,0,12.346,"S","J"],[1052.088,-16.497,-1093.966,-0.629,0,0.777,0,1,0,-0.777,0,-0.629,10.123,0,12.39,"S","J"],[1052.256,-16.497,-1093.759,-0.629,0,0.777,0,1,0,-0.777,0,-0.629,10.065,0,12.438,"S","J"],[1052.424,-16.497,-1093.552,-0.629,0,0.777,0,1,0,-0.777,0,-0.629,10.064,0,12.438,"S","J"],[1052.592,-16.497,-1093.344,-0.629,0,0.777,0,1,0,-0.777,0,-0.629,10.064,0,12.438,"S","J"],[1052.802,-16.497,-1093.085,-0.625,0,0.78,0,1,0,-0.78,0,-0.625,"v","S","J"],[1052.969,-16.497,-1092.877,-0.622,0,0.783,0,1,0,-0.783,0,-0.622,10.009,0,12.483,"S","J"],[1053.093,-16.497,-1092.72,-0.615,0,0.789,0,1,0,-0.789,0,-0.615,9.954,0,12.527,"S","J"],[1053.299,-16.497,-1092.458,-0.608,0,0.794,0,1,0,-0.794,0,-0.608,9.837,0,12.618,"S","J"],[1053.461,-16.497,-1092.246,-0.597,0,0.802,0,1,0,-0.802,0,-0.597,9.724,0,12.706,"S","J"],[1053.581,-16.497,-1092.086,-0.575,0,0.818,0,1,0,-0.818,0,-0.575,9.557,0,12.832,"S","J"],[1053.773,-16.497,-1091.813,-0.548,0,0.836,0,1,0,-0.836,0,-0.548,9.197,0,13.092,"S","J"],[1053.884,-16.497,-1091.647,-0.518,0,0.856,0,1,0,-0.856,0,-0.518,8.797,0,13.364,"S","J"],[1054.023,-16.523,-1091.419,-0.486,0,0.874,0,1,0,-0.874,0,-0.486,8.293,-1.323,13.683,"S","J"],[1054.154,-16.579,-1091.187,-0.454,0,0.891,0,1,0,-0.891,0,-0.454,7.791,-4.593,13.975,"S","J"],[1054.276,-16.621,-1090.95,-0.422,0,0.907,0,1,0,-0.907,0,-0.422,7.278,-0.456,14.248,"S","J"],[1054.39,-16.615,-1090.709,-0.397,0,0.918,0,1,0,-0.918,0,-0.397,6.756,0.504,14.503,"S","J"],[1054.497,-16.608,-1090.465,-0.388,0,0.921,0,1,0,-0.921,0,-0.388,6.356,0.393,14.683,"S","J"],[1054.627,-16.602,-1090.158,-0.388,0,0.921,0,1,0,-0.921,0,-0.388,6.216,0.202,14.743,"S","J"],[1054.73,-16.6,-1089.912,-0.384,0,0.923,0,1,0,-0.923,0,-0.384,6.215,0.112,14.744,"S","J"],[1054.833,-16.598,-1089.666,-0.384,0,0.923,0,1,0,-0.923,0,-0.384,6.149,0.061,14.771,"S","J"],[1054.935,-16.598,-1089.42,-0.384,0,0.923,0,1,0,-0.923,0,-0.384,6.148,0.033,14.772,"S","J"],[1055.038,-16.597,-1089.174,-0.384,0,0.923,0,1,0,-0.923,0,-0.384,6.148,0.018,14.772,"S","J"],[1055.14,-16.597,-1088.928,-0.384,0,0.923,0,1,0,-0.923,0,-0.384,6.148,0.01,14.772,"S","J"],["s","v","S","J"],[1055.24,-16.597,-1088.681,-0.397,0,0.918,0,1,0,-0.918,0,-0.397,5.95,0.005,14.852,"S","J"],[1055.365,-16.597,-1088.367,-0.34,-0.017,0.94,-0.005,1,0.016,-0.94,0.001,-0.34,5.625,0.008,15.074,"S","J"],[1055.451,-16.603,-1088.115,-0.312,-0.003,0.95,-0.001,1,0.003,-0.95,0,-0.312,5.073,-0.154,15.156,"S","J"],["s","v","S","J"],[1055.547,-16.601,-1087.796,-0.286,0.001,0.958,0,1,-0.001,-0.958,0,-0.286,4.543,0.121,15.33,"S","J"],[1055.623,-16.599,-1087.541,-0.286,0,0.958,0,1,0,-0.958,0,-0.286,4.575,0.086,15.331,"S","J"],[1055.68,-16.598,-1087.349,-0.286,0,0.958,0,1,0,-0.958,0,-0.286,4.58,0.058,15.332,"S","J"],[1055.756,-16.598,-1087.094,-0.286,0,0.958,0,1,0,-0.958,0,-0.286,4.577,0.032,15.332,"S","J"],[1055.852,-16.597,-1086.774,-0.286,0,0.958,0,1,0,-0.958,0,-0.286,4.575,0.015,15.332,"S","J"],[1055.928,-16.597,-1086.519,-0.286,0,0.958,0,1,0,-0.958,0,-0.286,4.575,0.008,15.332,"S","J"],[1055.985,-16.597,-1086.328,-0.286,0,0.958,0,1,0,-0.958,0,-0.286,4.575,0.005,15.332,"S","J"],[1056.08,-16.597,-1086.008,-0.286,0,0.958,0,1,0,-0.958,0,-0.286,4.575,0.002,15.332,"S","J"],[1056.212,-16.597,-1085.492,-0.193,0,0.981,0,1,0,-0.981,0,-0.193,3.125,0.001,15.69,"S","J"],[1056.256,-16.597,-1085.229,-0.162,0,0.987,0,1,0,-0.987,0,-0.162,2.603,0,15.786,"S","J"],[1056.285,-16.597,-1084.897,-0.063,0,0.998,0,1,0,-0.998,0,-0.063,1.237,0,15.952,"S","J"],[1056.292,-16.597,-1084.631,-0.018,0,1,0,1,0,-1,0,-0.018,0.303,0,15.997,"S","J"],[1056.301,-16.597,-1084.298,-0.027,0,1,0,1,0,-1,0,-0.027,0.428,0,15.994,"S","J"],[1056.302,-16.597,-1084.031,0.005,0,1,0,1,0,-1,0,0.005,0.002,0,16,"S","J"],[1056.178,-16.6,-1083.84,0.098,0.008,0.995,0.013,1,-0.01,-0.995,0.014,0.098,-9.658,-0.809,5.016,"S","J"],[1056.166,-16.122,-1083.837,0.281,0.081,0.956,-0.288,0.958,0.003,-0.916,-0.276,0.292,5.465,1.147,-2.843,3,"J"],[1056.264,-16.152,-1083.75,0.255,0.037,0.966,-0.231,0.973,0.024,-0.939,-0.229,0.256,6.202,-2.379,6.724,5,1],[1056.583,-15.716,-1083.381,0.37,-0.239,0.898,-0.173,0.932,0.32,-0.913,-0.274,0.304,19.199,52.492,22.547,3,0],[1057.271,-15.206,-1082.802,0.409,-0.579,0.705,-0.262,0.666,0.698,-0.874,-0.471,0.121,44.364,52.087,37.143,"S",1],[1058.041,-14.327,-1082.165,0.557,-0.759,0.336,-0.319,0.178,0.931,-0.767,-0.626,-0.143,48.152,52.676,39.595,"S","J"],[1058.839,-13.301,-1081.488,0.877,-0.336,0.344,-0.218,0.359,0.908,-0.428,-0.871,0.242,48.007,65.782,42.244,5,"J"],[1059.894,-11.978,-1080.601,0.535,-0.353,0.768,-0.018,0.904,0.428,-0.845,-0.243,0.477,51.355,58.496,42.28,"S","J"],[1060.715,-11.066,-1079.974,0.028,-0.125,0.992,0.048,0.991,0.124,-0.998,0.044,0.033,47.526,52.506,35.449,"S","J"],[1061.46,-10.23,-1079.412,0.111,-0.009,0.994,0.026,1,0.006,-0.993,0.025,0.111,43.228,48.78,32.994,"S","J"],[1062.152,-9.452,-1078.88,0.237,0.01,0.972,0.005,1,-0.012,-0.972,0.008,0.237,40.702,45.492,31.299,"S","J"],[1062.974,-8.555,-1078.254,0.276,0.005,0.961,-0.002,1,-0.005,-0.961,0,0.276,38.641,41.403,29.187,"S","J"],[1063.756,-7.744,-1077.673,0.277,0.001,0.961,-0.001,1,0,-0.961,-0.001,0.277,36.798,37.315,26.947,"S","J"],[1064.491,-7.017,-1077.131,-0.057,0,0.998,0,1,0,-0.998,0,-0.057,34.282,33.227,25.449,"S","J"],[1065.038,-6.497,-1076.711,-0.168,0,0.986,0,1,0,-0.986,0,-0.168,31.938,29.957,25.059,"S",0],[1065.667,-5.924,-1076.196,-0.416,0,0.909,0,1,0,-0.909,0,-0.416,29.02,25.87,24.445,"S","J"],[1066.127,-5.527,-1075.795,-0.491,0,0.871,0,1,0,-0.871,0,-0.491,26.716,22.6,23.828,"S","J"],[1066.549,-5.185,-1075.407,-0.627,0,0.779,0,1,0,-0.779,0,-0.627,24.476,19.33,23.009,"S","J"],[1066.94,-4.897,-1075.042,-0.865,0,0.502,0,1,0,-0.502,0,-0.865,22.864,16.06,21.251,"S","J"],[1067.297,-4.663,-1074.692,-0.968,0,0.252,0,1,0,-0.252,0,-0.968,20.513,12.79,20.843,"S","J"],[1067.616,-4.484,-1074.355,-0.999,0,0.054,0,1,0,-0.054,0,-0.999,18.362,9.52,19.817,"S","J"],[1067.961,-4.337,-1073.942,-0.999,0,0.054,0,1,0,-0.054,0,-0.999,15.382,5.432,19.833,"S","J"],[1068.244,-4.275,-1073.529,-0.998,0,0.058,0,1,0,-0.058,0,-0.998,12.403,1.345,19.857,"S","J"],[1068.426,-4.286,-1073.198,-0.998,0,0.06,0,1,0,-0.06,0,-0.998,10.02,-1.925,19.876,"S","J"],[1068.568,-4.352,-1072.866,-0.996,0,0.091,0,1,0,-0.091,0,-0.996,7.637,-5.195,19.885,"S","J"],[1068.671,-4.473,-1072.534,-0.999,0,0.038,0,1,0,-0.038,0,-0.999,5.254,-8.465,19.911,"S","J"],[1068.734,-4.648,-1072.202,-1,0,0.024,0,1,0,-0.024,0,-1,2.87,-11.735,19.946,"S","J"],[1068.756,-4.944,-1071.786,-1,0,0.028,0,1,0,-0.028,0,-1,-0.108,-15.823,19.986,"S","J"],[1068.766,-5.325,-1071.37,-1,0,-0.03,0,1,0,0.03,0,-1,0.518,-19.91,19.993,"S","J"],[1068.797,-5.79,-1070.954,-0.996,0,-0.093,0,1,0,0.093,0,-0.996,1.689,-23.998,19.928,"S","J"],[1068.842,-6.224,-1070.624,-0.986,0,-0.164,0,1,0,0.164,0,-0.986,2.926,-27.268,19.784,"S","J"],[1068.95,-5.864,-1070.23,-0.956,0,-0.292,0,1,0,0.292,0,-0.956,5.481,25.563,18.795,8,"J"],["s","v","S","J"],[1069.247,-5.319,-1069.802,-0.947,0,-0.32,0,1,0,0.32,0,-0.947,19.005,23.169,21.483,"S","J"],[1069.494,-5.084,-1069.533,-0.94,0,-0.341,0,1,0,0.341,0,-0.94,19.857,16.988,21.605,"S","J"],[1069.827,-4.84,-1069.174,-0.93,0,-0.367,0,1,0,0.367,0,-0.93,20.02,13.27,21.537,"S","J"],[1070.073,-4.683,-1068.877,-0.92,0,-0.391,0,1,0,0.391,0,-0.92,11.637,8.041,15.551,"S","J"],[1070.223,-4.568,-1068.654,-0.911,0,-0.413,0,1,0,0.413,0,-0.911,8.568,6.338,13.04,"S","J"],[1070.37,-4.456,-1068.441,-0.901,0,-0.435,0,1,0,0.435,0,-0.901,8.845,6.481,12.751,"S","J"],[1070.524,-4.357,-1068.234,-0.889,0,-0.458,0,1,0,0.458,0,-0.889,9.346,5.531,12.371,"S","J"],["s","v","S","J"],[1070.888,-4.21,-1068.07,-0.793,0,-0.609,0,1,0,0.609,0,-0.793,22.843,7.035,4.851,"S","J"],[1071.135,-4.161,-1068.061,-0.705,0,-0.709,0,1,0,0.709,0,-0.705,18.216,3.124,-1.336,"S","J"],[1071.389,-4.115,-1068.152,-0.578,0,-0.816,0,1,0,0.816,0,-0.578,14.537,2.76,-6.432,"S",1],[1071.631,-3.252,-1068.259,-0.439,0,-0.898,0,1,0,0.898,0,-0.439,14.537,50.547,-6.432,3,"J"],[1071.866,-2.444,-1068.383,-0.311,0,-0.95,0,1,0,0.95,0,-0.311,14.009,47.277,-7.72,5,"J"],[1072.097,-1.69,-1068.517,-0.196,0,-0.981,0,1,0,0.981,0,-0.196,13.816,44.007,-8.069,"S","J"],[1072.313,-0.99,-1068.672,0.006,0,-1,0,1,0,1,0,0.006,12.418,40.737,-10.001,"S",0],[1072.558,-0.193,-1068.897,0.109,0,-0.994,0,1,0,0.994,0,0.109,11.645,36.65,-10.958,"S","J"],[1072.742,0.384,-1069.089,0.149,0,-0.989,0,1,0,0.989,0,0.149,10.932,33.38,-11.669,"S","J"],[1072.936,0.906,-1069.262,0.16,0,-0.987,0,1,0,0.987,0,0.16,12.028,30.11,-9.55,"S","J"],[1073.147,1.374,-1069.399,0.123,0,-0.992,0,1,0,0.992,0,0.123,13.096,26.84,-7.419,"S","J"],[1073.378,1.787,-1069.501,0.152,0,-0.988,0,1,0,0.988,0,0.152,14.244,23.57,-5.33,"S","J"],[1073.691,2.227,-1069.578,0.124,0,-0.992,0,1,0,0.992,0,0.124,15.55,19.482,-2.653,"S","J"],[1074.021,2.582,-1069.615,0.098,0,-0.995,0,1,0,0.995,0,0.098,15.914,15.395,-1.633,"S","J"],["s","v","S","J"],[1074.354,2.852,-1069.635,0.052,0,-0.999,0,1,0,0.999,0,0.052,15.978,11.307,-0.833,"S","J"],[1074.553,2.973,-1069.645,0.052,0,-0.999,0,1,0,0.999,0,0.052,15.979,8.855,-0.828,"S","J"],[1074.82,3.086,-1069.658,0.048,0,-0.999,0,1,0,0.999,0,0.048,15.979,5.585,-0.827,"S","J"],[1075.086,3.145,-1069.671,0.047,0,-0.999,0,1,0,0.999,0,0.047,15.982,2.315,-0.756,"S","J"],[1075.349,3.15,-1069.708,0.27,0,-0.963,0,1,0,0.963,0,0.27,15.617,-0.955,-3.111,"S","J"],[1075.673,3.079,-1069.781,0.222,0,-0.975,0,1,0,0.975,0,0.222,15.603,-5.043,-3.554,"S","J"],[1075.999,2.923,-1069.854,0.218,0,-0.976,0,1,0,0.976,0,0.218,15.618,-9.13,-3.487,"S","J"],[1076.324,2.681,-1069.927,0.218,0,-0.976,0,1,0,0.976,0,0.218,15.616,-13.218,-3.486,"S","J"],[1076.653,2.355,-1069.979,0.147,0,-0.989,0,1,0,0.989,0,0.147,15.825,-17.305,-2.355,"S","J"],[1076.916,2.032,-1070.022,0.164,0,-0.986,0,1,0,0.986,0,0.164,15.783,-20.575,-2.625,"S","J"],[1077.18,2.377,-1070.062,0.146,0,-0.989,0,1,0,0.989,0,0.146,15.827,29.169,-2.35,8,"J"],[1077.338,2.807,-1070.088,0.11,0,-0.994,0,1,0,0.994,0,0.11,5.612,22.266,-1.024,"S","J"],[1077.324,3.079,-1070.092,0.097,0,-0.995,0,1,0,0.995,0,0.097,-4.616,13.133,0.199,"S","J"],[1077.078,3.259,-1070.071,0.092,0,-0.996,0,1,0,0.996,0,0.092,-15.42,6.295,1.421,"S","J"],["s","v","S","J"],[1076.813,3.332,-1070.055,0.013,0,-1,0,1,0,1,0,0.013,-15.968,3.444,0.839,"S","J"],[1076.547,3.355,-1070.042,0.047,0,-0.999,0,1,0,0.999,0,0.047,-15.978,0.174,0.828,"S","J"],[1076.281,3.324,-1070.028,0.051,0,-0.999,0,1,0,0.999,0,0.051,-15.979,-3.096,0.827,"S","J"],[1076.081,3.265,-1070.018,0.052,0,-0.999,0,1,0,0.999,0,0.052,-15.979,-5.549,0.827,"S","J"],[1075.749,3.098,-1070.001,0.047,0,-0.999,0,1,0,0.999,0,0.047,-15.979,-9.636,0.827,"S","J"],[1075.549,2.957,-1069.99,0.047,0,-0.999,0,1,0,0.999,0,0.047,-15.979,-12.089,0.827,"S",1],[1075.216,4.107,-1069.973,0.047,0,-0.999,0,1,0,0.999,0,0.047,-15.979,53.727,0.827,5,"J"],[1074.975,4.969,-1069.961,0.038,0,-0.999,0,1,0,0.999,0,0.038,-13.598,50.457,0.72,"S","J"],[1074.773,5.776,-1069.95,0.038,0,-0.999,0,1,0,0.999,0,0.038,-11.217,47.187,0.613,"S","J"],[1074.611,6.528,-1069.941,0.038,0,-0.999,0,1,0,0.999,0,0.038,-8.836,43.917,0.506,"S","J"],[1074.488,7.226,-1069.933,0.038,0,-0.999,0,1,0,0.999,0,0.038,-6.455,40.647,0.399,"S","J"],[1074.406,7.869,-1069.928,0.038,0,-0.999,0,1,0,0.999,0,0.038,-4.074,37.377,0.292,"S","J"],[1074.363,8.458,-1069.924,0.038,0,-0.999,0,1,0,0.999,0,0.038,-1.693,34.107,0.185,"S","J"],[1074.359,8.993,-1069.922,0.034,0,-0.999,0,1,0,0.999,0,0.034,0.688,30.837,0.078,"S","J"],[1074.395,9.473,-1069.922,0.034,0,-0.999,0,1,0,0.999,0,0.034,3.069,27.567,-0.018,"S","J"],[1074.496,9.996,-1069.923,0.01,0,-1,0,1,0,1,0,0.01,6.048,23.48,-0.037,"S","J"],[1074.622,10.353,-1069.924,0.015,0,-1,0,1,0,1,0,0.015,8.432,20.21,-0.07,"S","J"],["s","v","S","J"],[1074.835,10.723,-1069.926,0.044,0,-0.999,0,1,0,0.999,0,0.044,11.426,16.122,-0.113,"S","J"],[1075.05,10.958,-1069.928,0.005,0,-1,0,1,0,1,0,0.005,13.81,12.852,-0.107,"S","J"],[1075.238,11.098,-1069.928,0.002,0,-1,0,1,0,1,0,0.002,15.596,10.4,-0.044,"S","J"],[1075.321,11.202,-1069.927,-0.014,-0.02,-1,0,1,-0.02,1,0,-0.014,-4.656,3.123,-0.045,"S","J"],[1075.275,11.22,-1069.927,0.002,-0.015,-1,0.001,1,-0.015,1,-0.001,0.002,-1.742,-0.137,0.031,"S","J"],[1075.27,11.184,-1069.926,0.002,-0.005,-1,0.001,1,-0.005,1,-0.001,0.002,0.575,-3.409,0.032,"S","J"],["s","v","S","J"],[1075.27,11.093,-1069.91,-0.06,-0.004,-0.998,0,1,-0.004,0.998,-0.001,-0.06,-0.116,-6.647,1.155,"S","J"],[1075.267,10.99,-1069.894,-0.031,-0.003,-1,0,1,-0.003,1,0,-0.031,-0.24,-9.078,1.341,"S","J"],[1075.157,10.805,-1069.893,0.218,0,-0.976,0,1,0,0.976,0,0.218,-0.622,-12.348,-0.26,"S","J"],[1074.741,11.234,-1069.917,0.912,0.002,-0.411,-0.002,1,0.001,0.411,0,0.912,-0.005,32.635,-1.943,7,"J"],[1074.74,11.856,-1069.961,0.842,-0.002,0.54,0.002,1,0.001,-0.54,0,0.842,0.817,28.018,-2.211,"S","J"],[1074.745,12.186,-1069.975,0.352,-0.001,0.936,0.001,1,0,-0.936,0.001,0.352,0.214,25.566,-0.575,8,"J"],[1074.749,13.069,-1069.984,0.226,0,0.974,0,1,0,-0.974,0,0.226,0.214,53,-0.575,5,"J"],[1074.741,13.918,-1070.018,0.948,0,-0.317,0,1,0,0.317,0,0.948,-0.001,49.73,-2.922,"S","J"],[1074.731,14.713,-1070.091,0.922,0,-0.387,0,1,0,0.387,0,0.922,-0.263,46.46,-5.285,"S","J"],[1074.732,15.453,-1070.2,0.897,0,-0.442,0,1,0,0.442,0,0.897,-0.027,43.19,-7.341,"S","J"],[1074.733,16.139,-1070.343,0.869,0,-0.495,0,1,0,0.495,0,0.869,-0.148,39.92,-9.409,"S","J"],[1074.737,16.77,-1070.513,0.84,0.001,-0.542,-0.001,1,0.001,0.542,0,0.84,-0.492,36.516,-10.933,"S","J"],[1074.752,17.344,-1070.701,0.812,0.002,-0.584,-0.001,1,0.001,0.584,0,0.812,1.716,33.245,-11.522,"S","J"],[1074.753,17.861,-1070.906,0.785,0.005,-0.619,-0.003,1,0.004,0.619,-0.001,0.785,-0.143,29.721,-12.796,"S","J"],[1074.774,18.323,-1071.119,0.761,0.003,-0.649,-0.002,1,0.002,0.649,0,0.761,2.186,26.451,-12.725,"S","J"],[1074.777,18.726,-1071.33,0.725,0.005,-0.689,-0.003,1,0.005,0.689,-0.001,0.725,-0.208,22.898,-12.319,"S","J"],[1074.797,19.073,-1071.534,0.681,0.003,-0.733,-0.002,1,0.002,0.733,0,0.681,2.11,19.628,-12.154,"S","J"],[1074.855,19.366,-1071.725,0.359,0.001,-0.933,-0.001,1,0,0.933,0,0.359,4.262,16.358,-11.086,"S","J"],[1074.948,19.605,-1071.899,0.357,0,-0.934,0,1,0,0.934,0,0.357,6.41,13.088,-10.011,"S","J"],[1075.042,19.785,-1072.057,0.335,0,-0.942,-0.002,1,-0.001,0.942,0.002,0.335,0.24,8.791,-9.59,"S","J"],[1075.02,19.897,-1072.222,0.334,0,-0.943,-0.002,1,-0.001,0.943,0.003,0.334,-1.05,5.52,-9.059,"S","J"],[1075.027,19.955,-1072.368,0.358,0,-0.934,-0.001,1,0,0.934,0.001,0.358,1.283,2.25,-8.585,"S","J"],[1075.015,19.959,-1072.529,0.354,0.001,-0.935,0,1,0.001,0.935,0,0.354,-2.015,-1.032,-10.091,"S","J"],[1075.047,19.767,-1072.898,0.148,0,-0.989,0,1,0,0.989,0,0.148,3.145,-8.39,-10.266,"S",0],[1075.124,19.593,-1073.071,0.061,0,-0.998,0,1,0,0.998,0,0.061,5.526,-11.66,-10.431,"S","J"],[1075.241,19.364,-1073.246,0.057,0,-0.998,0,1,0,0.998,0,0.057,7.906,-14.93,-10.554,"S","J"],[1075.292,19.025,-1073.478,0.028,0,-1,0.006,1,0,1,-0.006,0.028,-1.007,-17.211,-11.265,"S","J"],[1075.261,18.707,-1073.673,0.09,0,-0.996,0.005,1,0.001,0.996,-0.005,0.09,-4.489,-19.769,-13.048,"S","J"],[1075.207,18.343,-1073.876,0.033,0,-0.999,0.003,1,0.001,0.999,-0.003,0.033,-2.47,-23.038,-11.712,"S","J"],["s","v","S",1],[1074.941,18.574,-1074.016,0.483,0.002,-0.875,-0.003,1,0.001,0.875,0.002,0.483,0.965,21.509,-6.536,7,"J"],[1074.8,18.89,-1074.117,0.994,-0.002,-0.111,0.001,1,-0.002,0.111,0.002,0.994,0.74,17.638,-5.89,"S","J"],[1074.809,19.149,-1074.192,0.518,0,0.856,0.001,1,0,-0.856,0.001,0.518,0.471,14.368,-3.562,8,"J"],[1074.817,20.033,-1074.251,-0.207,0,0.978,-0.001,1,0,-0.978,-0.001,-0.207,0.471,53,-3.562,3,"J"],[1074.802,20.882,-1074.3,0.164,0,0.986,-0.001,1,0,-0.986,-0.001,0.164,-1.712,49.73,-2.601,5,"J"],[1074.741,21.677,-1074.345,0.976,0,0.22,0,1,0,-0.22,0,0.976,-4.097,46.46,-2.706,"S","J"],[1074.661,22.417,-1074.412,0.989,0,-0.15,0,1,0,0.15,0,0.989,-5.218,43.19,-4.807,"S",0],[1074.584,23.103,-1074.515,0.747,0,-0.665,0,1,0,0.665,0,0.747,-4.248,39.92,-6.984,"S","J"],[1074.536,23.734,-1074.642,0.288,0,-0.958,0,1,0,0.958,0,0.288,-2.1,36.65,-8.018,"S","J"],[1074.523,24.311,-1074.785,0.272,0,-0.962,0,1,0,0.962,0,0.272,0.077,33.38,-8.986,"S","J"],[1074.548,24.833,-1074.945,0.262,0,-0.965,0,1,0,0.965,0,0.262,2.266,30.11,-9.927,"S","J"],[1074.582,25.409,-1075.187,0.136,0,-0.991,0,1,0,0.991,0,0.136,1.264,26.022,-12.732,"S","J"],[1074.613,25.9,-1075.489,0.059,0,-0.998,0,1,0,0.998,0,0.059,1.592,21.935,-15.608,"S","J"],[1074.645,26.232,-1075.753,-0.006,0,-1,0,1,0,1,0,-0.006,1.987,18.665,-15.869,"S","J"],[1074.7,26.509,-1076.006,0.074,0,-0.997,0,1,0,0.997,0,0.074,4.093,15.395,-14.777,"S","J"],[1074.79,26.731,-1076.241,0.08,0,-0.997,0,1,0,0.997,0,0.08,6.224,12.125,-13.711,"S","J"],[1074.948,26.933,-1076.502,-0.219,0,-0.976,0,1,0,0.976,0,-0.219,8.502,8.037,-11.789,"S","J"],[1075.154,27.049,-1076.724,-0.219,0,-0.976,0,1,0,0.976,0,-0.219,10.78,3.95,-9.866,"S","J"],[1075.353,27.081,-1076.873,-0.235,0,-0.972,0,1,0,0.972,0,-0.235,12.662,0.68,-8.404,"S","J"],[1075.387,27.058,-1077.068,-0.404,-0.001,-0.915,0,1,-0.001,0.915,-0.001,-0.404,4.075,-2.63,-10.337,"S","J"],["s","v",8,1],["s","v","S",0],[1075.537,26.989,-1077.346,-0.625,-0.002,-0.781,0,1,-0.003,0.781,-0.001,-0.625,9.515,-1.128,-12.769,"S","J"],["s","v","S","J"],[1075.657,26.954,-1077.511,-0.874,-0.001,-0.485,0,1,-0.002,0.485,-0.002,-0.874,10.788,-3.581,-11.452,"S","J"],[1075.854,26.861,-1077.685,-0.898,0,-0.441,0,1,0,0.441,0,-0.898,12.438,-6.851,-9.772,"S","J"],[1076.073,26.712,-1077.836,-0.92,0,-0.391,0,1,0,0.391,0,-0.92,13.286,-10.121,-8.904,"S",1],[1076.294,27.585,-1077.984,-0.94,0,-0.34,0,1,0,0.34,0,-0.94,13.286,51.365,-8.904,3,"J"],[1076.588,28.604,-1078.137,-0.913,0,-0.408,0,1,0,0.408,0,-0.913,14.636,47.277,-6.25,5,"J"],[1076.776,29.175,-1078.202,-0.938,0,-0.347,0,1,0,0.347,0,-0.938,15.224,44.825,-4.864,"S","J"],[1077.034,29.888,-1078.272,-0.944,0,-0.329,0,1,0,0.329,0,-0.944,15.471,41.555,-4.077,"S","J"],[1077.362,30.703,-1078.329,-0.951,0,-0.309,0,1,0,0.309,0,-0.951,15.817,37.467,-2.394,"S","J"],[1077.559,31.151,-1078.359,-0.969,0,-0.245,0,1,0,0.245,0,-0.969,15.822,35.015,-2.367,"S","J"],[1077.823,31.7,-1078.398,-0.964,0,-0.264,0,1,0,0.264,0,-0.964,15.823,31.745,-2.366,"S","J"],[1078.087,32.195,-1078.434,-0.97,0,-0.242,0,1,0,0.242,0,-0.97,15.853,28.475,-2.154,"S","J"],[1078.352,32.636,-1078.465,-0.976,0,-0.216,0,1,0,0.216,0,-0.976,15.898,25.205,-1.797,"S","J"],[1078.618,33.022,-1078.489,-0.98,0,-0.198,0,1,0,0.198,0,-0.98,15.94,21.935,-1.365,"S","J"],[1078.95,33.427,-1078.485,-0.993,0,-0.119,0,1,0,0.119,0,-0.993,15.981,17.847,0.709,"S",0],[1079.217,33.691,-1078.474,-0.996,0,-0.09,0,1,0,0.09,0,-0.996,15.984,14.577,0.673,"S","J"],["s","v","S","J"],[1079.549,33.943,-1078.442,-0.998,0,-0.059,0,1,0,0.059,0,-0.998,15.914,10.49,1.675,"S","J"],[1079.814,34.084,-1078.414,-1,0,-0.027,0,1,0,0.027,0,-1,15.914,7.22,1.684,"S","J"],[1080.013,34.154,-1078.393,-1,0,0.006,0,1,0,-0.006,0,-1,15.912,4.767,1.686,"S","J"],[1080.344,34.202,-1078.357,-0.998,0,-0.069,0,1,0,0.069,0,-0.998,15.909,0.68,1.686,"S","J"],[1080.61,34.18,-1078.331,-0.999,0,-0.045,0,1,0,0.045,0,-0.999,15.923,-2.59,1.545,"S","J"],[1080.809,34.127,-1078.314,-1,0,-0.025,0,1,0,0.025,0,-1,15.937,-5.043,1.405,"S","J"],[1081.075,34.009,-1078.293,-0.998,0,-0.063,0,1,0,0.063,0,-0.998,15.954,-8.313,1.185,"S","J"],[1081.341,33.836,-1078.275,-0.998,0,-0.063,0,1,0,0.063,0,-0.998,15.96,-11.583,1.109,"S","J"],[1081.674,33.544,-1078.252,-0.995,0,-0.101,0,1,0,0.101,0,-0.995,15.96,-15.67,1.108,"S","J"],[1082.198,32.899,-1078.254,-0.988,0,0.157,0,1,0,-0.157,0,-0.988,15.326,-22.21,-1.871,"S","J"],[1082.448,32.494,-1078.261,-0.871,0,0.491,0,1,0,-0.491,0,-0.871,14.827,-25.48,0.459,"S","J"],[1082.686,32.036,-1078.23,-0.717,0,0.697,0,1,0,-0.697,0,-0.717,13.988,-28.75,2.689,"S","J"],[1082.908,31.522,-1078.163,-0.605,0,0.797,0,1,0,-0.797,0,-0.605,12.889,-32.02,4.804,"S","J"],[1083.146,30.82,-1078.15,-0.295,0.003,0.956,-0.001,1,-0.003,-0.956,-0.002,-0.295,10.207,-34.27,-4.778,"S","J"],[1083.305,30.214,-1078.207,-0.17,0.003,0.985,0,1,-0.003,-0.985,-0.001,-0.17,9.153,-37.54,-2.564,"S","J"],[1083.48,29.381,-1078.227,-0.19,0.001,0.982,0,1,-0.001,-0.982,0,-0.19,7.886,-41.627,0.118,"S","J"],[1083.601,28.653,-1078.202,-0.022,0,1,0,1,0,-1,0,-0.022,6.881,-44.897,2.281,8,"J"],[1083.704,27.871,-1078.142,-0.077,0,0.997,0,1,0,-0.997,0,-0.077,5.801,-48.167,4.396,5,"J"],[1083.778,27.034,-1078.06,-0.071,0,0.997,0,1,0,-0.997,0,-0.071,3.562,-51.437,5.215,"S","J"],["s","v",12,1],[1084.873,27.179,-1078.034,-0.165,0,0.986,0,1,0,-0.986,0,-0.165,65.837,7.439,1.605,3,"J"],[1085.675,27.251,-1078.05,-0.134,0.002,0.991,0.006,1,-0.001,-0.991,0.006,-0.134,63.661,4.913,-0.352,5,"J"],[1086.71,27.298,-1078.068,-0.177,0.002,0.984,0.007,1,0,-0.984,0.007,-0.177,61.325,1.61,-0.991,"S","J"],[1087.711,27.291,-1078.076,-0.187,0,0.982,0.003,1,0,-0.982,0.003,-0.187,59.387,-1.641,-0.261,"S","J"],[1088.911,27.206,-1078.071,-0.947,0.001,0.321,0.001,1,-0.001,-0.321,0,-0.947,56.451,-5.728,0.587,"S",0],[1090.052,27.035,-1078.048,-0.953,0,0.302,0,1,0,-0.302,0,-0.953,53.599,-9.816,1.407,"S","J"],[1090.921,26.838,-1078.019,-1,0,0.001,0,1,0,-0.001,0,-1,51.299,-13.086,2.002,"S","J"],[1091.752,26.585,-1077.979,-1,0,0.025,0,1,0,-0.025,0,-1,48.999,-16.356,2.624,"S","J"],[1092.737,26.194,-1077.915,-0.999,0,0.048,0,1,0,-0.048,0,-0.999,46.121,-20.444,3.396,"S","J"],[1093.299,25.918,-1077.868,-0.997,0,0.079,0,1,0,-0.079,0,-0.997,44.393,-22.896,3.854,"S","J"],[1094.015,25.502,-1077.798,-0.999,0,0.052,0,1,0,-0.052,0,-0.999,42.091,-26.166,4.471,"S","J"],[1094.692,25.032,-1077.717,-0.999,0,0.043,0,1,0,-0.043,0,-0.999,39.79,-29.436,5.091,"S","J"],["s","v","S",1],[1095.484,25.164,-1077.615,-0.991,0,-0.134,0,1,0,0.134,0,-0.991,36.835,10.899,4.713,12,"J"],[1095.976,25.792,-1077.86,-0.885,-0.002,-0.465,-0.002,1,-0.001,0.465,0,-0.885,25.851,40.661,1.082,8,"J"],[1096.297,26.453,-1078.076,-0.208,-0.006,-0.978,0.012,1,-0.009,0.978,-0.013,-0.208,25.652,52.999,-0.311,3,"J"],[1096.704,27.303,-1078.072,0.844,-0.008,-0.536,0.008,1,-0.003,0.536,-0.001,0.844,23.618,49.733,0.574,5,"J"],["s","v","S",0],[1097.171,28.288,-1078.085,0.835,-0.003,-0.55,0.003,1,-0.001,0.55,-0.001,0.835,21.537,45.646,-1.487,"S","J"],[1097.591,29.188,-1078.093,0.942,-0.001,-0.336,0.001,1,-0.001,0.336,0,0.942,19.253,41.559,0.393,"S","J"],[1097.955,30.002,-1078.079,0.981,0,-0.192,0,1,0,0.192,0,0.981,16.319,37.471,0.791,"S","J"],[1098.289,30.732,-1078.1,0.998,0,0.061,0,1,0,-0.061,0,0.998,15.85,33.384,-2.15,"S","J"],[1098.546,31.254,-1078.159,0.935,0,0.355,0,1,0,-0.355,0,0.935,15.149,30.114,-4.427,"S","J"],[1098.786,31.722,-1078.255,0.766,0,0.643,0,1,0,-0.643,0,0.766,13.995,26.844,-6.512,"S","J"],[1099.004,32.135,-1078.382,0.565,0,0.825,0,1,0,-0.825,0,0.565,12.46,23.574,-8.336,"S","J"],[1099.194,32.494,-1078.539,0.464,0,0.886,0,1,0,-0.886,0,0.464,10.76,20.304,-10.007,"S","J"],[1099.353,32.799,-1078.72,0.296,0,0.955,0,1,0,-0.955,0,0.296,8.833,17.034,-11.41,"S","J"],[1099.479,33.048,-1078.924,0.257,0,0.966,0,1,0,-0.966,0,0.257,6.838,13.764,-12.716,"S","J"],[1099.578,33.244,-1079.155,0.427,0,0.904,0,1,0,-0.904,0,0.427,5.367,10.494,-14.591,"S","J"],[1099.681,33.411,-1079.471,0.461,0,0.887,0,1,0,-0.887,0,0.461,4.914,6.406,-15.225,"S","J"],["s","v","S","J"],[1099.784,33.494,-1079.789,0.457,0,0.889,0,1,0,-0.889,0,0.457,4.908,2.319,-15.231,"S","J"],[1099.844,33.502,-1079.979,0.393,0,0.92,0,1,0,-0.92,0,0.393,4.842,-0.134,-15.251,"S","J"],[1099.924,33.466,-1080.233,0.419,0,0.908,0,1,0,-0.908,0,0.419,4.77,-3.404,-15.275,"S","J"],[1100.003,33.375,-1080.488,0.415,0,0.91,0,1,0,-0.91,0,0.415,4.701,-6.674,-15.296,"S","J"],[1100.08,33.23,-1080.744,0.411,0,0.912,0,1,0,-0.912,0,0.411,4.632,-9.944,-15.317,"S","J"],[1100.156,33.03,-1080.999,0.407,0,0.914,0,1,0,-0.914,0,0.407,4.562,-13.214,-15.338,"S","J"],[1100.231,32.776,-1081.255,0.402,0,0.915,0,1,0,-0.915,0,0.402,4.492,-16.484,-15.358,"S","J"],[1100.305,32.467,-1081.511,0.398,0,0.917,0,1,0,-0.917,0,0.398,4.423,-19.754,-15.378,"S","J"],[1100.378,32.104,-1081.767,0.398,0,0.917,0,1,0,-0.917,0,0.398,4.353,-23.024,-15.398,"S","J"],[1100.45,31.686,-1082.024,0.398,0,0.917,0,1,0,-0.917,0,0.398,4.351,-26.294,-15.399,"S","J"],[1100.523,31.214,-1082.28,0.398,0,0.917,0,1,0,-0.917,0,0.398,4.351,-29.564,-15.399,"S","J"],[1100.595,30.687,-1082.536,0.398,0,0.917,0,1,0,-0.917,0,0.398,4.351,-32.834,-15.399,"S","J"],[1100.668,30.105,-1082.793,0.398,0,0.917,0,1,0,-0.917,0,0.398,4.351,-36.104,-15.399,"S","J"],[1100.74,29.47,-1083.049,0.398,0,0.917,0,1,0,-0.917,0,0.398,4.351,-39.374,-15.399,"S","J"],[1100.813,28.779,-1083.305,0.394,0,0.919,0,1,0,-0.919,0,0.394,4.351,-42.644,-15.399,"S","J"],[1100.901,27.84,-1083.627,0.412,0,0.911,0,1,0,-0.911,0,0.412,4.215,-46.731,-15.437,"S","J"],[1100.969,27.027,-1083.885,0.283,0,0.959,0,1,0,-0.959,0,0.283,4.091,-50.001,-15.468,7,"J"],[1101.036,26.626,-1084.143,0.244,0,0.97,0,1,0,-0.97,0,0.244,4.017,-4.886,-15.487,"S","J"],[1101.085,26.651,-1084.337,0.229,0,0.973,0,1,0,-0.973,0,0.229,3.883,3.754,-15.522,"S","J"],[1101.147,26.72,-1084.596,0.22,0,0.975,0,1,0,-0.975,0,0.22,3.668,3.777,-15.574,8,"J"],[1101.206,26.767,-1084.857,0.216,0,0.976,0,1,0,-0.976,0,0.216,3.525,2.33,-15.607,"S","J"],[1101.264,26.795,-1085.117,0.207,0,0.978,0,1,0,-0.978,0,0.207,3.452,1.312,-15.623,"S","J"],["s","v","S","J"],[1101.354,26.813,-1085.438,0.277,0,0.961,0,1,0,-0.961,0,0.277,4.429,0.62,-15.375,"S","J"],[1101.409,26.818,-1085.63,0.277,0,0.961,0,1,0,-0.961,0,0.277,4.436,0.394,-15.373,"S","J"],[1101.483,26.823,-1085.886,0.277,0,0.961,0,1,0,-0.961,0,0.277,4.436,0.215,-15.373,"S","J"],[1101.556,26.825,-1086.143,0.277,0,0.961,0,1,0,-0.961,0,0.277,4.436,0.117,-15.373,"S","J"],[1101.63,26.827,-1086.399,0.277,0,0.961,0,1,0,-0.961,0,0.277,4.436,0.064,-15.373,"S","J"],[1101.704,26.828,-1086.655,0.277,0,0.961,0,1,0,-0.961,0,0.277,4.436,0.035,-15.373,"S","J"],[1101.778,26.828,-1086.912,0.277,0,0.961,0,1,0,-0.961,0,0.277,4.436,0.019,-15.373,"S","J"],[1101.851,26.828,-1087.168,0.277,0,0.961,0,1,0,-0.961,0,0.277,4.436,0.01,-15.373,"S","J"],[1101.925,26.828,-1087.424,0.277,0,0.961,0,1,0,-0.961,0,0.277,4.436,0.006,-15.373,"S","J"],[1101.999,26.828,-1087.681,0.277,0,0.961,0,1,0,-0.961,0,0.277,4.436,0.003,-15.373,"S","J"],[1102.073,26.828,-1087.937,0.277,0,0.961,0,1,0,-0.961,0,0.277,4.436,0.002,-15.373,"S","J"],[1102.146,26.828,-1088.193,0.273,0,0.962,0,1,0,-0.962,0,0.273,4.436,0.001,-15.373,"S","J"],[1102.219,26.828,-1088.45,0.269,0,0.963,0,1,0,-0.963,0,0.269,4.367,0,-15.392,"S","J"],[1102.291,26.828,-1088.707,0.264,0,0.964,0,1,0,-0.964,0,0.264,4.298,0,-15.412,"S","J"],[1102.362,26.828,-1088.964,0.255,0,0.967,0,1,0,-0.967,0,0.255,4.228,0,-15.431,"S","J"],[1102.43,26.828,-1089.222,0.251,0,0.968,0,1,0,-0.968,0,0.251,4.089,0,-15.469,"S","J"],[1102.497,26.828,-1089.48,0.242,0,0.97,0,1,0,-0.97,0,0.242,4.017,0,-15.487,"S","J"],[1102.562,26.828,-1089.739,0.233,0,0.972,0,1,0,-0.972,0,0.233,3.878,0,-15.523,"S","J"],[1102.625,26.828,-1089.998,0.225,0,0.974,0,1,0,-0.974,0,0.225,3.737,0,-15.557,"S","J"],[1102.685,26.828,-1090.258,0.211,0,0.977,0,1,0,-0.977,0,0.211,3.595,0,-15.591,"S","J"],[1102.742,26.828,-1090.518,0.207,0,0.978,0,1,0,-0.978,0,0.207,3.384,0,-15.638,"S","J"],[1102.797,26.828,-1090.779,0.207,0,0.978,0,1,0,-0.978,0,0.207,3.311,0,-15.654,"S","J"],[1102.852,26.828,-1091.04,0.207,0,0.978,0,1,0,-0.978,0,0.207,3.309,0,-15.654,"S","J"],[1102.907,26.828,-1091.3,0.207,0,0.978,0,1,0,-0.978,0,0.207,3.309,0,-15.654,"S","J"],[1102.963,26.828,-1091.561,0.207,0,0.978,0,1,0,-0.978,0,0.207,3.309,0,-15.654,"S","J"],[1103.018,26.828,-1091.822,0.207,0,0.978,0,1,0,-0.978,0,0.207,"v","S","J"],[1103.073,26.828,-1092.083,0.207,0,0.978,0,1,0,-0.978,0,0.207,"v","S","J"],[1103.128,26.828,-1092.343,0.202,0,0.979,0,1,0,-0.979,0,0.202,"v","S","J"],[1103.182,26.828,-1092.605,0.202,0,0.979,0,1,0,-0.979,0,0.202,3.239,0,-15.669,"S","J"],[1103.255,26.828,-1092.776,0.196,0.015,0.981,0.036,0.999,-0.022,-0.98,0.04,0.195,5.075,-0.011,-6.609,"S","J"],[1103.316,26.824,-1092.995,0.2,0.009,0.98,0.022,1,-0.013,-0.98,0.024,0.199,3.25,-0.385,-15.404,"S","J"],[1103.378,26.824,-1093.256,0.276,0.002,0.961,0.008,1,-0.004,-0.961,0.008,0.276,3.781,0.095,-15.552,"S","J"],[1103.442,26.826,-1093.514,0.245,0,0.97,-0.001,1,0,-0.97,-0.001,0.245,3.87,0.1,-15.454,"S","J"],[1103.506,26.827,-1093.772,0.241,0,0.971,-0.001,1,0.001,-0.971,-0.001,0.241,3.854,0.063,-15.508,"S","J"],[1103.568,26.828,-1094.031,0.227,0,0.974,0,1,0,-0.974,0,0.227,3.709,0.035,-15.567,"S","J"],["s","v","S","J"],[1103.645,26.828,-1094.356,0.269,0,0.963,0,1,0,-0.963,0,0.269,3.642,0.017,-15.585,"S","J"],[1103.69,26.828,-1094.551,0.23,0,0.973,0,1,0,-0.973,0,0.23,3.636,0.011,-15.582,"S","J"],[1103.751,26.828,-1094.811,0.228,0,0.974,0,1,0,-0.974,0,0.228,3.635,0.006,-15.581,"S","J"],[1103.811,26.828,-1095.07,0.232,0,0.973,0,1,0,-0.973,0,0.232,3.636,0.003,-15.581,"S","J"],[1103.873,26.828,-1095.33,0.232,0,0.973,0,1,0,-0.973,0,0.232,3.706,0.002,-15.565,"S","J"],["s","v","S","J"],[1103.96,26.828,-1095.651,0.299,0,0.954,0,1,0,-0.954,0,0.299,4.265,0.001,-15.421,"S","J"],[1104.014,26.808,-1095.844,0.265,0,0.964,0,1,0,-0.964,0,0.265,4.269,-2.452,-15.42,"S","J"],[1104.085,26.733,-1096.101,0.263,0,0.965,0,1,0,-0.965,0,0.263,4.269,-5.722,-15.42,"S","J"],[1104.156,26.604,-1096.358,0.263,0,0.965,0,1,0,-0.965,0,0.263,4.269,-8.992,-15.42,"S","J"],[1104.228,26.42,-1096.614,0.262,0,0.965,0,1,0,-0.965,0,0.262,4.269,-12.262,-15.42,"S","J"],[1104.299,26.181,-1096.871,0.262,0,0.965,0,1,0,-0.965,0,0.262,4.269,-15.532,-15.42,"S",1],[1104.388,27.265,-1097.192,0.262,0,0.965,0,1,0,-0.965,0,0.262,4.269,50.547,-15.42,3,"J"],[1104.441,27.876,-1097.385,0.322,0,0.947,0,1,0,-0.947,0,0.322,4.203,48.095,-15.438,5,0],[1104.533,28.644,-1097.635,0.522,0,0.853,0,1,0,-0.853,0,0.522,6.152,44.825,-14.76,"S","J"],[1104.641,29.357,-1097.879,0.536,0,0.844,0,1,0,-0.844,0,0.536,6.567,41.555,-14.592,"S","J"],[1104.725,29.856,-1098.06,0.516,0,0.856,0,1,0,-0.856,0,0.516,6.7,39.102,-14.531,"S","J"],[1104.867,30.62,-1098.362,0.572,0,0.82,0,1,0,-0.82,0,0.572,6.838,35.015,-14.468,"S","J"],[1104.981,31.169,-1098.603,0.552,0,0.834,0,1,0,-0.834,0,0.552,6.839,31.745,-14.467,"S",1],[1105.068,31.545,-1098.783,0.532,0,0.847,0,1,0,-0.847,0,0.532,6.963,29.292,-14.407,"S","J"],[1105.186,32,-1099.023,0.563,0,0.826,0,1,0,-0.826,0,0.563,7.098,26.022,-14.342,"S","J"],[1105.335,32.491,-1099.321,0.594,0,0.804,0,1,0,-0.804,0,0.594,7.166,21.935,-14.309,"S","J"],[1105.456,32.822,-1099.559,0.567,0,0.824,0,1,0,-0.824,0,0.567,7.229,18.665,-14.276,"S","J"],[1105.546,33.035,-1099.737,0.539,0,0.842,0,1,0,-0.842,0,0.539,7.23,16.212,-14.275,"S","J"],[1105.666,33.271,-1099.975,0.567,0,0.824,0,1,0,-0.824,0,0.567,7.23,12.942,-14.276,"S","J"],[1105.787,33.453,-1100.213,0.567,0,0.824,0,1,0,-0.824,0,0.567,7.23,9.672,-14.276,"S","J"],[1105.907,33.58,-1100.451,0.567,0,0.824,0,1,0,-0.824,0,0.567,7.23,6.402,-14.276,"S","J"],[1106.057,33.662,-1100.748,0.591,0,0.807,0,1,0,-0.807,0,0.591,7.23,2.315,-14.276,"S","J"],[1106.177,33.667,-1100.987,0.56,0,0.829,0,1,0,-0.829,0,0.56,7.167,-0.955,-14.308,"S","J"],[1106.266,33.634,-1101.166,0.528,0,0.849,0,1,0,-0.849,0,0.528,7.104,-3.408,-14.338,"S","J"],[1106.413,33.512,-1101.465,0.583,0,0.812,0,1,0,-0.812,0,0.583,7.036,-7.495,-14.373,"S","J"],[1106.501,33.398,-1101.645,0.532,0,0.847,0,1,0,-0.847,0,0.532,7.035,-9.948,-14.372,"S","J"],[1106.619,33.198,-1101.884,0.571,0,0.821,0,1,0,-0.821,0,0.571,7.099,-13.218,-14.341,"S","J"],[1106.74,32.944,-1102.121,0.589,0,0.808,0,1,0,-0.808,0,0.589,7.291,-16.488,-14.245,"S","J"],[1106.898,32.549,-1102.415,0.637,0,0.771,0,1,0,-0.771,0,0.637,7.615,-20.575,-14.075,"S","J"],[1106.997,32.272,-1102.589,0.603,0,0.798,0,1,0,-0.798,0,0.603,7.977,-23.028,-13.872,"S","J"],[1107.169,31.741,-1102.874,0.685,0,0.729,0,1,0,-0.729,0,0.685,8.308,-27.115,-13.678,"S","J"],[1107.316,31.255,-1103.097,0.684,0,0.73,0,1,0,-0.73,0,0.684,8.85,-30.385,-13.333,"S","J"],[1107.454,30.714,-1103.325,0.636,0,0.772,0,1,0,-0.772,0,0.636,8.197,-33.655,-13.743,"S",0],[1107.637,29.962,-1103.604,0.685,0,0.729,0,1,0,-0.729,0,0.685,8.86,-37.743,-13.324,"S","J"],[1107.75,29.47,-1103.769,0.649,0,0.761,0,1,0,-0.761,0,0.649,9.092,-40.195,-13.166,"S","J"],[1107.896,28.766,-1103.992,0.65,0,0.76,0,1,0,-0.76,0,0.65,8.687,-43.465,-13.438,"S","J"],[1108.083,27.809,-1104.267,0.701,0,0.713,0,1,0,-0.713,0,0.701,9.038,-47.553,-13.205,"S","J"],["s","v","S","J"],[1108.25,26.983,-1104.476,0.735,0,0.678,0,1,0,-0.678,0,0.735,10.266,-50.822,-12.274,"S","J"],[1108.421,26.102,-1104.68,0.74,0,0.672,0,1,0,-0.672,0,0.74,10.311,-54.092,-12.242,"S","J"],[1108.593,25.166,-1104.883,0.744,0,0.668,0,1,0,-0.668,0,0.744,10.312,-57.362,-12.239,"S","J"],[1108.765,24.176,-1105.087,0.747,0,0.665,0,1,0,-0.665,0,0.747,10.366,-60.632,-12.192,"S","J"],[1108.939,23.131,-1105.289,0.753,0,0.658,0,1,0,-0.658,0,0.753,10.421,-63.902,-12.145,"S","J"],[1109.158,21.749,-1105.541,0.78,0,0.626,0,1,0,-0.626,0,0.78,10.531,-67.99,-12.049,"S","J"],[1109.335,20.582,-1105.74,0.762,0,0.648,0,1,0,-0.648,0,0.762,10.638,-71.26,-11.954,"S","J"],[1109.467,20.565,-1105.887,0.697,0,0.717,0,1,0,-0.717,0,0.697,10.588,17.294,-11.761,7,"J"],[1109.644,21.002,-1106.083,0.68,0,0.733,0,1,0,-0.733,0,0.68,10.633,26.084,-11.705,"S","J"],[1109.822,21.351,-1106.277,0.676,0,0.737,0,1,0,-0.737,0,0.676,10.685,17.769,-11.656,"S","J"],[1109.951,21.594,-1106.507,0.433,0,0.901,0,1,0,-0.901,0,0.433,7.27,12.447,-14.122,8,"J"],[1110.023,21.719,-1106.762,0.175,0,0.985,0,1,0,-0.985,0,0.175,3.837,5.567,-15.479,"S","J"],[1110,21.826,-1107.091,-0.191,0,0.982,0,1,0,-0.982,0,-0.191,-2.067,4.287,-15.853,"S","J"],[1109.929,21.887,-1107.416,-0.234,0,0.972,0,1,0,-0.972,0,-0.234,-3.621,2.105,-15.581,"S","J"],[1109.827,21.928,-1107.733,-0.323,0,0.946,0,1,0,-0.946,0,-0.323,-5.016,1.559,-15.181,"S","J"],["s","v","S","J"],[1109.691,21.944,-1108.036,-0.439,0,0.899,0,1,0,-0.899,0,-0.439,-6.758,0.362,-14.47,"S","J"],[1109.605,21.921,-1108.216,-0.438,0,0.899,0,1,0,-0.899,0,-0.438,-6.886,-2.728,-14.39,"S","J"],[1109.489,21.841,-1108.455,-0.449,0,0.894,0,1,0,-0.894,0,-0.449,-6.948,-6.024,-14.336,"S","J"],[1109.371,21.706,-1108.692,-0.461,0,0.888,0,1,0,-0.888,0,-0.461,-7.128,-9.294,-14.217,"S","J"],[1109.219,21.514,-1108.986,-0.473,0,0.881,0,1,0,-0.881,0,-0.473,-7.309,-4.63,-14.089,"S","J"],[1109.125,21.518,-1109.161,-0.485,0,0.875,0,1,0,-0.875,0,-0.485,-7.498,1.462,-14.005,"S","J"],[1108.998,21.477,-1109.393,-0.496,0,0.868,0,1,0,-0.868,0,-0.496,-7.669,-3.767,-13.853,"S","J"],[1108.835,21.438,-1109.679,-0.508,0,0.861,0,1,0,-0.861,0,-0.508,-7.857,-2.267,-13.742,"S","J"],[1108.735,21.39,-1109.85,-0.524,0,0.852,0,1,0,-0.852,0,-0.524,-8.032,-4.72,-13.635,"S","J"],[1108.597,21.38,-1110.075,-0.535,0,0.845,0,1,0,-0.845,0,-0.535,-8.28,0.326,-13.479,"S","J"],[1108.456,21.411,-1110.298,-0.543,0,0.84,0,1,0,-0.84,0,-0.543,-8.462,1.862,-13.361,"S","J"],[1108.278,21.432,-1110.575,-0.547,0,0.837,0,1,0,-0.837,0,-0.547,-8.584,0.892,-13.28,"S","J"],["s","v","S","J"],[1108.05,21.4,-1110.81,-0.737,0,0.675,0,1,0,-0.675,0,-0.737,-11.239,-3.195,-11.033,"S","J"],[1107.909,21.327,-1110.948,-0.718,0,0.696,0,1,0,-0.696,0,-0.718,-11.318,-6.633,-11.076,"S","J"],[1107.72,21.183,-1111.133,-0.716,0,0.699,0,1,0,-0.699,0,-0.716,-11.323,-9.903,-11.079,"S","J"],[1107.532,20.984,-1111.317,-0.715,0,0.699,0,1,0,-0.699,0,-0.715,-11.323,-13.173,-11.079,"S","J"],[1107.343,20.932,-1111.502,-0.715,0,0.699,0,1,0,-0.699,0,-0.715,-11.323,-0.834,-11.079,"S","J"],[1107.155,20.94,-1111.687,-0.712,0,0.703,0,1,0,-0.703,0,-0.712,-11.323,0.541,-11.079,"S","J"],[1106.92,20.918,-1111.918,-0.712,0,0.703,0,1,0,-0.703,0,-0.712,-11.273,-2.108,-11.13,"S","J"],[1106.779,20.89,-1112.057,-0.708,0,0.706,0,1,0,-0.706,0,-0.708,-11.273,-2.237,-11.13,"S","J"],[1106.592,20.819,-1112.244,-0.705,0,0.709,0,1,0,-0.709,0,-0.705,-11.224,-5.507,-11.181,"S","J"],[1106.405,20.774,-1112.431,-0.705,0,0.709,0,1,0,-0.709,0,-0.705,-11.173,-2.299,-11.232,"S","J"],[1106.219,20.736,-1112.618,-0.705,0,0.709,0,1,0,-0.709,0,-0.705,-11.172,-2.235,-11.233,"S","J"],[1106.034,20.75,-1112.804,-0.705,0,0.709,0,1,0,-0.709,0,-0.705,-11.111,1.227,-11.172,"S","J"],[1105.849,20.752,-1112.99,-0.705,0,0.709,0,1,0,-0.709,0,-0.705,-11.11,-0.955,-11.171,"S","J"],[1105.664,20.712,-1113.176,-0.705,0,0.709,0,1,0,-0.709,0,-0.705,-11.11,-2.734,-11.171,"S","J"],[1105.478,20.633,-1113.364,-0.705,0,0.709,0,1,0,-0.709,0,-0.705,-11.204,-6.004,-11.265,"S","J"],[1105.291,20.518,-1113.551,-0.705,0,0.709,0,1,0,-0.709,0,-0.705,-11.173,-4.568,-11.234,"S","J"],[1105.099,20.514,-1113.732,-0.73,0,0.683,0,1,0,-0.683,0,-0.73,-11.561,1.549,-10.825,"S","J"],[1104.906,20.532,-1113.912,-0.73,0,0.683,0,1,0,-0.683,0,-0.73,-11.568,0.321,-10.817,"S","J"],["s","v",5,"J"],[1104.713,20.504,-1114.096,-0.63,0,0.777,0,1,0,-0.777,0,-0.63,-11.594,-2.949,-11.023,"S","J"],[1104.52,20.42,-1114.28,-0.627,0,0.779,0,1,0,-0.779,0,-0.627,-11.594,-6.219,-11.027,"S","J"],[1104.326,20.283,-1114.464,-0.626,0,0.78,0,1,0,-0.78,0,-0.626,-11.594,-9.489,-11.027,"S","J"],[1104.133,20.091,-1114.647,-0.626,0,0.78,0,1,0,-0.78,0,-0.626,-11.594,-12.759,-11.027,"S","J"],[1103.94,20.168,-1114.831,-0.7,0,0.715,0,1,0,-0.715,0,-0.7,-11.586,8.636,-11.034,7,"J"],[1103.747,20.303,-1115.016,-0.723,0,0.691,0,1,0,-0.691,0,-0.723,-11.587,7.166,-11.033,"S","J"],[1103.553,20.392,-1115.2,-0.724,0,0.69,0,1,0,-0.69,0,-0.724,-11.588,4.292,-11.033,8,"J"],[1103.36,20.442,-1115.384,-0.724,0,0.69,0,1,0,-0.69,0,-0.724,-11.588,2.398,-11.033,"S","J"],[1103.167,20.47,-1115.568,-0.727,0,0.686,0,1,0,-0.686,0,-0.727,-11.588,1.316,-11.033,"S","J"],[1102.973,20.485,-1115.751,-0.727,0,0.686,0,1,0,-0.686,0,-0.727,-11.636,0.718,-10.981,"S","J"],["s","v","S","J"],[1102.802,20.494,-1115.955,-0.623,0,0.783,0,1,0,-0.783,0,-0.623,-10.071,0.391,-12.429,"S","J"],[1102.634,20.498,-1116.162,-0.626,0,0.78,0,1,0,-0.78,0,-0.626,-10.04,0.213,-12.458,"S","J"],[1102.467,20.501,-1116.37,-0.627,0,0.779,0,1,0,-0.779,0,-0.627,-10.04,0.116,-12.458,"S","J"],[1102.299,20.502,-1116.577,-0.627,0,0.779,0,1,0,-0.779,0,-0.627,-10.04,0.063,-12.458,"S","J"],[1102.027,20.432,-1116.87,-0.53,0,0.848,0,1,0,-0.848,0,-0.53,-11.024,-4.842,-11.597,5,"J"],[1101.844,20.317,-1117.064,-0.659,0,0.753,0,1,0,-0.753,0,-0.659,-11.023,-8.112,-11.598,8,"J"],[1101.653,20.148,-1117.25,-0.654,0,0.756,0,1,0,-0.756,0,-0.654,-11.528,-11.382,-11.095,5,"J"],[1101.455,19.924,-1117.429,-0.65,0,0.76,0,1,0,-0.76,0,-0.65,-11.886,-14.652,-10.713,"S","J"],[1101.264,19.646,-1117.615,-0.647,0,0.762,0,1,0,-0.762,0,-0.647,-11.397,-17.922,-11.229,"S","J"],[1101.066,19.313,-1117.793,-0.658,0,0.753,0,1,0,-0.753,0,-0.658,-11.977,-21.192,-10.61,"S","J"],[1100.908,19.421,-1117.934,-0.737,0,0.676,0,1,0,-0.676,0,-0.737,-8.42,10.559,-7.485,12,"J"],[1100.844,19.446,-1117.99,-0.979,