[[514.239,-8.326,-1129.382,0.002,0,1,0,1,0,-1,0,0.002,0,0,0,8,0],[514.082,-8.326,-1129.289,-0.073,0,0.997,0,1,0,-0.997,0,-0.073,-11.08,0,6.558,"S","J"],[513.856,-8.326,-1129.156,-0.135,0,0.991,0,1,0,-0.991,0,-0.135,-13.716,0,8.118,"S","J"],[513.627,-8.326,-1129.02,-0.188,0,0.982,0,1,0,-0.982,0,-0.188,-13.768,0,8.149,"S","J"],[513.397,-8.326,-1128.884,-0.234,0,0.972,0,1,0,-0.972,0,-0.234,-13.769,0,8.149,"S","J"],[513.168,-8.326,-1128.749,-0.273,0,0.962,0,1,0,-0.962,0,-0.273,-13.769,0,8.149,"S","J"],[512.938,-8.326,-1128.613,0.884,0,0.467,0,1,0,-0.467,0,0.884,"v","S","J"],[512.651,-8.326,-1128.443,0.872,0,0.489,0,1,0,-0.489,0,0.872,"v","S","J"],[512.479,-8.326,-1128.341,0.861,0,0.508,0,1,0,-0.508,0,0.861,"v","S","J"],[512.25,-8.326,-1128.206,0.861,0,0.509,0,1,0,-0.509,0,0.861,-13.769,0,8.149,"S","J"],[512.02,-8.326,-1128.07,0.861,0,0.509,0,1,0,-0.509,0,0.861,-13.769,0,8.149,"S","J"],[511.791,-8.326,-1127.934,0.861,0,0.509,0,1,0,-0.509,0,0.861,"v","S","J"],[511.561,-8.326,-1127.798,0.861,0,0.509,0,1,0,-0.509,0,0.861,"v","S","J"],[511.332,-8.326,-1127.663,0.861,0,0.509,0,1,0,-0.509,0,0.861,"v","S","J"],[511.102,-8.326,-1127.527,0.861,0,0.509,0,1,0,-0.509,0,0.861,"v","S","J"],[510.873,-8.326,-1127.391,0.861,0,0.509,0,1,0,-0.509,0,0.861,"v","S","J"],["s","v","S","J"],[510.631,-8.326,-1127.279,0.905,0,0.425,0,1,0,-0.425,0,0.905,-14.616,0,6.505,"S","J"],[510.326,-8.326,-1127.145,0.916,0,0.402,0,1,0,-0.402,0,0.916,-14.661,0,6.406,"S","J"],[510.081,-8.326,-1127.038,0.918,0,0.396,0,1,0,-0.396,0,0.918,-14.662,0,6.406,"S","J"],[509.836,-8.342,-1126.933,0.92,0,0.392,0,1,0,-0.392,0,0.92,-14.69,-0.43,6.34,"S","J"],[509.653,-8.351,-1126.854,0.92,0,0.392,0,1,0,-0.392,0,0.92,-14.718,-0.314,6.276,"S","J"],[509.407,-8.381,-1126.75,0.922,0,0.388,0,1,0,-0.388,0,0.922,-14.719,-1.382,6.272,"S","J"],[509.161,-8.373,-1126.646,0.922,0,0.388,0,1,0,-0.388,0,0.922,-14.747,0.942,6.207,"S","J"],[508.916,-8.346,-1126.543,0.923,0,0.384,0,1,0,-0.384,0,0.923,-14.748,1.626,6.205,"S","J"],[508.669,-8.318,-1126.44,0.923,0,0.384,0,1,0,-0.384,0,0.923,-14.775,1.484,6.14,"S",1],[508.423,-7.455,-1126.338,0.925,0,0.379,0,1,0,-0.379,0,0.925,-14.775,50.547,6.14,5,"J"],[508.173,-6.647,-1126.247,0.908,0,0.418,0,1,0,-0.418,0,0.908,-15.081,47.277,5.343,"S",0],[507.921,-5.893,-1126.158,0.893,0,0.451,0,1,0,-0.451,0,0.893,-15.087,44.007,5.328,"S","J"],[507.67,-5.194,-1126.069,0.891,0,0.455,0,1,0,-0.455,0,0.891,-15.087,40.737,5.327,"S","J"],[507.418,-4.549,-1125.98,0.89,0,0.455,0,1,0,-0.455,0,0.89,-15.087,37.467,5.327,"S","J"],[507.167,-3.958,-1125.891,0.89,0,0.455,0,1,0,-0.455,0,0.89,-15.087,34.197,5.327,"S","J"],[506.852,-3.297,-1125.78,0.875,0,0.485,0,1,0,-0.485,0,0.875,-15.087,30.11,5.327,"S","J"],[506.664,-2.941,-1125.714,0.905,0,0.425,0,1,0,-0.425,0,0.905,-15.087,27.657,5.327,"S","J"],[506.412,-2.514,-1125.625,0.89,0,0.455,0,1,0,-0.455,0,0.89,-15.087,24.387,5.327,"S","J"],[506.161,-2.142,-1125.536,0.89,0,0.455,0,1,0,-0.455,0,0.89,-15.087,21.117,5.327,"S","J"],[505.904,-1.824,-1125.471,0.975,0,0.221,0,1,0,-0.221,0,0.975,-15.595,17.847,2.999,"S","J"],[505.64,-1.56,-1125.441,0.975,0,0.221,0,1,0,-0.221,0,0.975,-15.923,14.577,1.495,"S","J"],[505.308,-1.308,-1125.411,0.967,0,0.253,0,1,0,-0.253,0,0.967,-15.934,10.49,1.44,"S","J"],[505.109,-1.197,-1125.393,0.981,0,0.193,0,1,0,-0.193,0,0.981,-15.935,8.037,1.439,"S","J"],[504.843,-1.097,-1125.368,0.974,0,0.226,0,1,0,-0.226,0,0.974,-15.928,4.767,1.51,"S","J"],[504.511,-1.049,-1125.337,0.965,0,0.262,0,1,0,-0.262,0,0.965,-15.927,0.68,1.511,"S","J"],["s","v","S","J"],[504.245,-1.072,-1125.333,0.997,0,0.076,0,1,0,-0.076,0,0.997,-15.993,-2.59,-0.207,"S","J"],[503.978,-1.149,-1125.337,0.994,0,0.109,0,1,0,-0.109,0,0.994,-15.995,-5.86,-0.292,"S","J"],[503.712,-1.281,-1125.342,0.994,0,0.113,0,1,0,-0.113,0,0.994,-15.995,-9.13,-0.294,"S","J"],[503.445,-1.467,-1125.347,0.994,0,0.114,0,1,0,-0.114,0,0.994,-15.995,-12.4,-0.294,"S","J"],[503.179,-1.708,-1125.351,0.994,0,0.114,0,1,0,-0.114,0,0.994,-15.995,-15.67,-0.294,"S","J"],[502.912,-2.003,-1125.356,0.994,0,0.114,0,1,0,-0.114,0,0.994,-15.995,-18.94,-0.294,"S","J"],[502.645,-2.353,-1125.36,0.994,0,0.114,0,1,0,-0.114,0,0.994,-15.995,-22.21,-0.294,"S","J"],[502.115,-3.216,-1125.394,0.999,0,-0.049,0,1,0,0.049,0,0.999,-15.794,-28.75,-2.459,"S","J"],[501.857,-3.729,-1125.459,0.977,0,-0.215,0,1,0,0.215,0,0.977,-15.221,-32.02,-4.772,"S","J"],[501.613,-4.297,-1125.562,0.925,0,-0.38,0,1,0,0.38,0,0.925,-14.316,-35.29,-6.977,"S","J"],[501.396,-4.919,-1125.69,0.691,0,-0.723,0,1,0,0.723,0,0.691,-12.258,-38.56,-8.161,"S","J"],[501.214,-5.596,-1125.838,0.659,0,-0.752,0,1,0,0.752,0,0.659,-10.143,-41.83,-9.258,"S","J"],[501.067,-6.327,-1126.002,0.572,0,-0.82,0,1,0,0.82,0,0.572,-7.946,-45.1,-10.183,"S","J"],[500.96,-7.113,-1126.167,0.44,0,-0.898,0,1,0,0.898,0,0.44,-5.589,-48.37,-9.817,"S","J"],[500.891,-7.953,-1126.327,0.417,0,-0.909,0,1,0,0.909,0,0.417,-3.235,-51.64,-9.437,"S","J"],[500.861,-8.847,-1126.48,0.405,0,-0.914,0,1,0,0.914,0,0.405,-0.884,-54.91,-9.048,"S","J"],[500.871,-9.797,-1126.627,0.385,0,-0.923,0,1,0,0.923,0,0.385,1.463,-58.18,-8.632,"S","J"],[500.92,-10.8,-1126.765,0.335,0,-0.942,0,1,0,0.942,0,0.335,3.784,-61.45,-8.091,"S","J"],[501.007,-11.859,-1126.893,0.291,0,-0.957,0,1,0,0.957,0,0.291,6.068,-64.72,-7.409,"S","J"],[501.13,-12.971,-1127.005,0.145,0,-0.989,0,1,0,0.989,0,0.145,8.186,-67.99,-6.317,"S","J"],["s","v",12,1],[500.025,-12.859,-1126.8,0.242,0,-0.97,0,1,0,0.97,0,0.242,-66.313,5.526,12.285,3,"J"],[498.935,-12.801,-1126.629,0.33,0,-0.944,0,1,0,0.944,0,0.33,-64.742,2.256,9.646,5,"J"],[497.877,-12.797,-1126.475,0.365,0,-0.931,0,1,0,0.931,0,0.365,-62.783,-1.014,9.091,"S","J"],[496.869,-12.848,-1126.268,0.188,0,-0.982,0,1,0,0.982,0,0.188,-59.422,-4.284,13.321,"S","J"],["s","v","S","J"],[496.141,-12.922,-1126.104,0.363,0,-0.932,0,1,0,0.932,0,0.363,-57.671,-6.736,12.962,"S","J"],[494.976,-13.114,-1125.842,0.425,0,-0.905,0,1,0,0.905,0,0.425,-54.752,-10.824,12.363,"S","J"],[494.088,-13.328,-1125.641,0.394,0,-0.919,0,1,0,0.919,0,0.394,-52.417,-14.094,11.884,"S","J"],[493.239,-13.597,-1125.448,0.394,0,-0.919,0,1,0,0.919,0,0.394,-50.083,-17.364,11.406,"S","J"],[492.428,-13.921,-1125.263,0.394,0,-0.919,0,1,0,0.919,0,0.394,-47.748,-20.634,10.927,"S","J"],[491.657,-14.299,-1125.085,0.394,0,-0.919,0,1,0,0.919,0,0.394,-45.413,-23.904,10.448,"S","J"],[490.924,-14.731,-1124.916,0.394,0,-0.919,0,1,0,0.919,0,0.394,-43.078,-27.174,9.97,"S","J"],[490.229,-15.218,-1124.76,0.717,0,-0.697,0,1,0,0.697,0,0.717,-40.907,-30.444,8.986,"S","J"],[489.57,-15.759,-1124.621,0.739,0,-0.674,0,1,0,0.674,0,0.739,-38.719,-33.714,8.038,"S","J"],[489.024,-16.355,-1124.528,0.71,0,-0.704,0,1,0,0.704,0,0.71,-29.192,-36.984,4.092,7,"J"],[488.638,-16.787,-1124.496,0.719,0,-0.695,0,1,0,0.695,0,0.719,-19.484,-7.875,0.647,"S","J"],[488.363,-16.744,-1124.491,0.744,0,-0.668,0,1,0,0.668,0,0.744,-16.068,5.022,0.215,8,"J"],[488.095,-15.871,-1124.488,0.762,0,-0.647,0,1,0,0.647,0,0.762,-16.068,51.365,0.215,5,"J"],[487.833,-15.049,-1124.508,0.941,0,-0.338,0,1,0,0.338,0,0.941,-15.531,48.095,-2.104,"S","J"],[487.58,-14.281,-1124.568,0.958,0,-0.286,0,1,0,0.286,0,0.958,-15.016,44.825,-4.431,"S","J"],[487.334,-13.568,-1124.664,0.963,0,-0.269,0,1,0,0.269,0,0.963,-14.644,41.555,-6.374,"S","J"],[487.15,-13.069,-1124.743,0.958,0,-0.287,0,1,0,0.287,0,0.958,-14.704,39.102,-6.304,"S","J"],[486.842,-12.306,-1124.87,0.978,0,-0.21,0,1,0,0.21,0,0.978,-14.791,35.015,-6.101,"S","J"],[486.594,-11.756,-1124.969,0.972,0,-0.233,0,1,0,0.233,0,0.972,-14.872,31.745,-5.902,"S","J"],[486.346,-11.261,-1125.066,0.975,0,-0.224,0,1,0,0.224,0,0.975,-14.925,28.475,-5.765,"S","J"],[486.096,-10.821,-1125.16,0.976,0,-0.22,0,1,0,0.22,0,0.976,-14.977,25.205,-5.63,"S","J"],[485.846,-10.435,-1125.253,0.977,0,-0.211,0,1,0,0.211,0,0.977,-15.003,21.935,-5.56,"S",0],[485.527,-10.029,-1125.332,0.982,0,0.187,0,1,0,-0.187,0,0.982,-15.496,17.847,-2.622,"S","J"],[485.265,-9.765,-1125.351,0.988,0,0.154,0,1,0,-0.154,0,0.988,-15.891,14.577,-0.272,"S","J"],[485.065,-9.603,-1125.348,0.993,0,0.121,0,1,0,-0.121,0,0.993,-15.991,12.125,0.317,"S","J"],[484.732,-9.402,-1125.341,0.982,0,0.187,0,1,0,-0.187,0,0.982,-15.995,8.037,0.349,"S","J"],[484.466,-9.302,-1125.335,0.988,0,0.154,0,1,0,-0.154,0,0.988,-15.995,4.767,0.35,"S","J"],[484.199,-9.257,-1125.329,0.988,0,0.154,0,1,0,-0.154,0,0.988,-15.995,1.497,0.35,"S","J"],[483.932,-9.266,-1125.323,0.988,0,0.154,0,1,0,-0.154,0,0.988,-15.995,-1.773,0.35,"S","J"],[483.666,-9.329,-1125.317,0.988,0,0.154,0,1,0,-0.154,0,0.988,-15.995,-5.043,0.35,"S","J"],[483.399,-9.447,-1125.311,0.988,0,0.154,0,1,0,-0.154,0,0.988,-15.993,-8.313,0.362,"S","J"],[483.133,-9.62,-1125.304,0.988,0,0.154,0,1,0,-0.154,0,0.988,-15.993,-11.583,0.362,"S","J"],[482.866,-9.847,-1125.298,0.988,0,0.154,0,1,0,-0.154,0,0.988,-15.993,-14.853,0.362,"S","J"],[482.599,-10.129,-1125.292,0.988,0,0.154,0,1,0,-0.154,0,0.988,-15.993,-18.123,0.362,"S","J"],[482.333,-10.465,-1125.286,0.988,0,0.154,0,1,0,-0.154,0,0.988,-15.993,-21.393,0.362,"S","J"],[482.066,-10.856,-1125.28,0.987,0,0.159,0,1,0,-0.159,0,0.987,-15.993,-24.663,0.362,"S","J"],[481.8,-11.301,-1125.272,0.987,0,0.159,0,1,0,-0.159,0,0.987,-15.992,-27.933,0.433,"S","J"],[481.533,-11.8,-1125.265,0.987,0,0.159,0,1,0,-0.159,0,0.987,-15.992,-31.203,0.435,"S","J"],[481.267,-12.354,-1125.258,0.987,0,0.159,0,1,0,-0.159,0,0.987,-15.992,-34.473,0.435,"S","J"],[481,-12.963,-1125.251,0.987,0,0.159,0,1,0,-0.159,0,0.987,-15.992,-37.743,0.435,"S","J"],[480.733,-13.626,-1125.254,0.994,0,0.114,0,1,0,-0.114,0,0.994,-15.995,-41.013,-0.278,"S","J"],[480.533,-14.159,-1125.257,0.997,0,0.081,0,1,0,-0.081,0,0.997,-15.996,-43.465,-0.292,"S","J"],[480.2,-15.116,-1125.263,0.989,0,0.147,0,1,0,-0.147,0,0.989,-15.995,-47.553,-0.293,"S","J"],[479.934,-15.942,-1125.268,0.994,0,0.114,0,1,0,-0.114,0,0.994,-15.995,-50.823,-0.293,"S","J"],["s","v",8,"J"],[479.667,-16.716,-1125.274,1,0.001,-0.027,-0.001,1,-0.003,0.027,0.003,1,-16.008,-28.216,-0.373,"S","J"],["s","v","S","J"],[479.402,-16.754,-1125.302,0.997,-0.001,-0.084,0.001,1,-0.002,0.084,0.002,0.996,-15.874,3.389,-1.841,"S","J"],[479.137,-16.678,-1125.333,0.994,0,-0.112,0,1,0,0.112,0,0.994,-15.892,4.398,-1.845,"S","J"],[478.872,-16.621,-1125.364,0.993,0,-0.116,0,1,0,0.116,0,0.993,-15.895,2.798,-1.851,"S","J"],[478.608,-16.588,-1125.395,0.993,0,-0.116,0,1,0,0.116,0,0.993,-15.893,1.587,-1.856,"S","J"],[478.276,-16.566,-1125.433,0.993,0,-0.116,0,1,0,0.116,0,0.993,-15.892,0.752,-1.856,"S","J"],[478.012,-16.557,-1125.464,0.993,0,-0.116,0,1,0,0.116,0,0.993,-15.892,0.41,-1.856,"S","J"],[477.747,-16.552,-1125.495,0.993,0,-0.116,0,1,0,0.116,0,0.993,-15.892,0.224,-1.856,"S","J"],[477.482,-16.55,-1125.525,0.993,0,-0.116,0,1,0,0.116,0,0.993,-15.892,0.122,-1.856,"S","J"],[477.149,-16.548,-1125.543,0.999,0,-0.044,0,1,0,0.044,0,0.999,-15.984,0.057,-0.707,"S","J"],[476.949,-16.548,-1125.552,0.999,0,-0.044,0,1,0,0.044,0,0.999,-15.985,0.036,-0.698,"S","J"],[476.616,-16.547,-1125.566,0.999,0,-0.044,0,1,0,0.044,0,0.999,-15.985,0.017,-0.698,"S","J"],[476.35,-16.547,-1125.578,0.999,0,-0.044,0,1,0,0.044,0,0.999,-15.985,0.009,-0.698,"S","J"],[476.084,-16.547,-1125.59,0.999,0,-0.044,0,1,0,0.044,0,0.999,-15.985,0.005,-0.698,"S","J"],["s","v","S","J"],[475.817,-16.547,-1125.601,0.999,0,-0.04,0,1,0.002,0.04,-0.002,0.999,-15.978,0.003,-0.664,"S","J"],[475.488,-16.547,-1125.651,0.981,0,-0.192,0,1,0,0.192,0,0.981,-15.781,0.001,-2.635,"S","J"],[475.239,-16.547,-1125.744,0.911,0,-0.411,0,1,0,0.411,0,0.911,-14.8,0,-6.063,"S","J"],[474.974,-16.546,-1125.764,0.902,-0.001,-0.432,0.006,1,0.011,0.432,-0.012,0.902,-12.738,0.069,-1.604,"S","J"],[474.789,-16.544,-1125.658,0.769,0.001,-0.64,0.008,1,0.01,0.639,-0.013,0.769,-10.523,0.054,-0.274,"S","J"],[474.644,-16.542,-1125.591,0.584,0,-0.812,0.011,1,0.008,0.812,-0.013,0.584,-7.991,0.052,0.242,"S","J"],[474.528,-16.541,-1125.584,0.522,-0.001,-0.853,0.011,1,0.005,0.853,-0.013,0.522,-6.418,0.04,0.127,"S","J"],[474.418,-16.541,-1125.585,0.674,-0.002,-0.738,0.01,1,0.007,0.738,-0.012,0.674,-6.737,0.036,-0.153,"S","J"],[474.152,-16.541,-1125.648,0.978,-0.001,-0.207,0.002,1,0.001,0.207,-0.002,0.978,-15.17,0,-4.241,"S","J"],[473.886,-16.541,-1125.84,0.992,0,0.128,0,1,-0.001,-0.128,0.001,0.992,-12.18,0,-10.376,"S","J"],[473.719,-15.569,-1125.798,0.865,0.032,0.501,0.02,0.995,-0.099,-0.502,0.096,0.86,-10.064,58.261,-2.255,3,"J"],[473.551,-14.598,-1125.836,0.995,0.004,-0.097,-0.021,0.983,-0.185,0.094,0.186,0.978,-10.148,58.266,-2.276,"S",1],[473.339,-13.384,-1125.884,0.737,-0.064,-0.673,-0.128,0.964,-0.232,0.663,0.258,0.703,-10.196,58.274,-2.336,"S","J"],[473.169,-12.412,-1125.924,0.623,-0.06,-0.78,-0.219,0.944,-0.247,0.751,0.325,0.575,-10.223,58.278,-2.386,"S","J"],[472.678,-11.458,-1125.795,0.638,-0.03,-0.769,-0.119,0.983,-0.137,0.761,0.179,0.624,-9.77,55.942,-8.75,5,"J"],[472.507,-10.564,-1125.937,0.575,-0.026,-0.818,-0.019,0.999,-0.045,0.818,0.041,0.573,-9.115,52.202,-9.295,"S","J"],[472.376,-9.729,-1126.089,0.499,-0.01,-0.867,0.009,1,-0.006,0.867,-0.004,0.499,-7.196,48.865,-9.074,"S","J"],[472.276,-8.949,-1126.245,0.438,-0.001,-0.899,0.007,1,0.003,0.899,-0.007,0.438,-5.197,45.597,-9.604,"S","J"],[472.204,-8.05,-1126.433,0.22,0,-0.975,0.002,1,0.001,0.975,-0.002,0.22,-2.338,41.509,-8.741,"S",0],[472.171,-7.789,-1126.556,0.218,0,-0.976,0,1,0,0.976,0,0.218,-1.72,11.793,-6.484,12,"J"],[472.145,-7.554,-1126.655,0.218,0,-0.976,0,1,0,0.976,0,0.218,-0.956,11.203,-3.627,"S","J"],[472.135,-7.368,-1126.691,0.218,0,-0.976,0,1,0,0.976,0,0.218,-0.349,11.2,-1.322,"S","J"],[472.134,-7.181,-1126.696,0.144,0,-0.99,0,1,0,0.99,0,0.144,-0.01,11.2,-0.039,"S","J"],[472.134,-6.994,-1126.696,0.194,0,-0.981,0,1,0,0.981,0,0.194,0,11.2,-0.001,"S","J"],[472.134,-6.808,-1126.696,0.22,0,-0.975,0,1,0,0.975,0,0.22,0,11.2,0,"S","J"],[472.134,-6.621,-1126.696,0.153,0,-0.988,0,1,0,0.988,0,0.153,0,11.2,0,"S","J"],[472.134,-6.388,-1126.696,0.122,0,-0.993,0,1,0,0.993,0,0.122,0,11.2,0,"S","J"],[472.134,-6.201,-1126.696,0.171,0,-0.985,0,1,0,0.985,0,0.171,0,11.2,0,"S","J"],[472.134,-6.014,-1126.696,0.176,0,-0.984,0,1,0,0.984,0,0.176,0,11.2,0,"S","J"],["s","v","S","J"],[472.134,-5.828,-1126.696,0.104,0,-0.995,0,1,0,0.995,0,0.104,0,11.2,0,"S","J"],[472.154,-5.675,-1126.68,-0.383,0,-0.924,0,1,0,0.924,0,-0.383,1.994,7.929,1.388,8,"J"],[471.822,-4.617,-1126.487,-0.92,-0.024,-0.391,-0.025,1,-0.003,0.391,0.007,-0.92,0.327,63.599,1.928,3,"J"],[471.819,-3.591,-1126.432,-0.841,-0.013,0.54,-0.015,1,0,-0.54,-0.008,-0.841,-0.582,60.337,4.037,5,1],[471.769,-2.385,-1126.34,-0.432,0,0.902,-0.003,1,-0.001,-0.902,-0.003,-0.432,-3.632,56.246,4.669,"S","J"],[471.683,-1.481,-1126.262,-0.318,0.001,0.948,0,1,-0.001,-0.948,0,-0.318,-6.054,52.976,4.705,"S","J"],[471.557,-0.633,-1126.183,-0.313,0,0.95,0,1,0,-0.95,0,-0.313,-8.439,49.707,4.767,"S","J"],[471.364,0.352,-1126.116,-0.271,0,0.962,0,1,0,-0.962,0,-0.271,-9.852,45.619,2.143,"S","J"],[471.181,1.078,-1126.097,-0.505,0,0.863,0,1,0,-0.863,0,-0.505,-11.643,42.349,0.57,"S","J"],[470.963,1.75,-1126.095,-0.593,0,0.805,0,1,0,-0.805,0,-0.593,-13.919,39.079,-0.137,"S","J"],["s","v","S","J"],[470.708,2.367,-1126.093,-0.64,0,0.768,0,1,0,-0.768,0,-0.64,-15.878,35.809,0.213,"S","J"],[470.442,2.93,-1126.089,-0.647,0,0.763,0,1,0,-0.763,0,-0.647,-16.004,32.539,0.236,"S","J"],[470.175,3.438,-1126.083,-0.65,0,0.76,0,1,0,-0.76,0,-0.65,-16.004,29.269,0.379,"S","J"],[469.908,3.892,-1126.076,-0.66,0,0.751,0,1,0,-0.751,0,-0.66,-16.002,25.999,0.453,"S","J"],[469.708,4.197,-1126.068,-0.689,0,0.724,0,1,0,-0.724,0,-0.689,-15.995,23.546,0.661,"S","J"],[469.375,4.636,-1126.05,-0.666,0,0.746,0,1,0,-0.746,0,-0.666,-15.984,19.459,0.888,"S","J"],[469.109,4.926,-1126.03,-0.699,0,0.715,0,1,0,-0.715,0,-0.699,-15.961,16.189,1.245,"S","J"],[468.91,5.108,-1126.011,-0.728,0,0.686,0,1,0,-0.686,0,-0.728,-15.936,13.737,1.526,"S","J"],[468.579,5.343,-1125.975,-0.7,0,0.714,0,1,0,-0.714,0,-0.7,-15.913,9.649,1.756,"S","J"],[468.314,5.47,-1125.942,-0.725,0,0.688,0,1,0,-0.688,0,-0.725,-15.887,6.379,1.971,"S","J"],[468.049,5.542,-1125.907,-0.735,0,0.679,0,1,0,-0.679,0,-0.735,-15.868,3.109,2.116,"S","J"],[467.785,5.56,-1125.869,-0.741,0,0.672,0,1,0,-0.672,0,-0.741,-15.838,-0.161,2.33,"S","J"],[467.527,5.523,-1125.806,-0.862,0,0.507,0,1,0,-0.507,0,-0.862,-15.246,-3.431,4.638,"S","J"],[467.277,5.432,-1125.715,-0.864,0,0.503,0,1,0,-0.503,0,-0.864,-14.989,-6.701,5.61,"S","J"],[467.028,5.286,-1125.62,-0.865,0,0.503,0,1,0,-0.503,0,-0.865,-14.958,-9.971,5.698,"S","J"],[466.778,5.086,-1125.525,-0.865,0,0.502,0,1,0,-0.502,0,-0.865,-14.958,-13.241,5.7,"S","J"],[466.529,4.831,-1125.431,-0.865,0,0.502,0,1,0,-0.502,0,-0.865,-14.958,-16.511,5.7,"S","J"],[466.342,4.604,-1125.359,-0.88,0,0.476,0,1,0,-0.476,0,-0.88,-14.958,-18.963,5.7,"S","J"],[466.031,4.158,-1125.239,-0.854,0,0.521,0,1,0,-0.521,0,-0.854,-14.932,-23.051,5.767,"S","J"],["s","v","S",0],[465.797,3.74,-1125.124,-0.811,0,0.585,0,1,0,-0.585,0,-0.811,-13.467,-26.321,7.647,"S","J"],[465.67,3.391,-1124.975,-0.808,0,0.589,0,1,0,-0.589,0,-0.808,-9.602,-28.773,12.669,7,"J"],[465.512,2.877,-1124.76,-0.808,0,0.589,0,1,0,-0.589,0,-0.808,-9.435,-32.043,12.919,"S","J"],[465.338,2.158,-1124.521,-0.808,0,0.589,0,1,0,-0.589,0,-0.808,-7.678,-36.131,10.514,8,"J"],[465.224,1.522,-1124.366,-0.805,0,0.593,0,1,0,-0.593,0,-0.805,-6.272,-39.401,8.589,"S","J"],[465.155,1.009,-1124.271,-0.802,0,0.597,0,1,0,-0.597,0,-0.802,-5.218,-41.853,7.145,"S","J"],[465.068,0.086,-1124.152,-0.797,0,0.604,0,1,0,-0.604,0,-0.797,-3.461,-45.941,4.739,"S","J"],[465.033,-0.509,-1124.104,-0.797,0,0.604,0,1,0,-0.604,0,-0.797,-2.407,-48.394,3.296,"S","J"],[464.978,-1.349,-1124.03,-0.794,0,0.607,0,1,0,-0.607,0,-0.794,-3.858,-51.664,5.186,5,"J"],[464.899,-2.244,-1123.924,-0.794,0,0.608,0,1,0,-0.608,0,-0.794,-5.324,-54.934,7.066,"S","J"],[464.765,-3.44,-1123.747,-0.792,0,0.611,0,1,0,-0.611,0,-0.792,-7.156,-59.021,9.415,"S","J"],[464.63,-4.458,-1123.571,-0.789,0,0.614,0,1,0,-0.614,0,-0.789,-8.654,-62.291,11.269,"S","J"],[464.472,-5.53,-1123.367,-0.789,0,0.615,0,1,0,-0.615,0,-0.789,-9.781,-65.561,12.555,"S","J"],[464.308,-6.657,-1123.157,-0.789,0,0.615,0,1,0,-0.615,0,-0.789,-9.836,-68.831,12.617,"S","J"],[464.185,-7.537,-1122.999,-0.786,0,0.618,0,1,0,-0.618,0,-0.786,-9.837,-71.284,12.618,"S","J"],[464.02,-8.76,-1122.79,-0.786,0,0.618,0,1,0,-0.618,0,-0.786,-9.893,-74.553,12.575,"S","J"],[463.855,-10.036,-1122.58,-0.786,0,0.618,0,1,0,-0.618,0,-0.786,-9.895,-77.823,12.574,"S","J"],[463.649,-11.709,-1122.318,-0.786,0,0.618,0,1,0,-0.618,0,-0.786,-9.895,-81.911,12.574,"S","J"],[463.526,-12.753,-1122.161,-0.786,0,0.618,0,1,0,-0.618,0,-0.786,-9.895,-84.363,12.574,"S","J"],[463.361,-14.193,-1121.952,-0.786,0,0.618,0,1,0,-0.618,0,-0.786,-9.895,-87.633,12.574,"S","J"],[463.154,-16.07,-1121.69,-0.786,0,0.618,0,1,0,-0.618,0,-0.786,-9.895,-91.721,12.574,"S","J"],[463.031,-17.04,-1121.533,-0.786,0,0.618,0,1,0,-0.618,0,-0.786,-9.895,-46.849,12.574,7,"J"],[462.866,-17.068,-1121.323,-0.786,0,0.618,0,1,0,-0.618,0,-0.786,-9.895,10.055,12.574,"S","J"],[462.66,-16.829,-1121.062,-0.786,0,0.618,0,1,0,-0.618,0,-0.786,-9.895,10.059,12.574,8,"J"],[462.536,-16.73,-1120.905,-0.786,0,0.618,0,1,0,-0.618,0,-0.786,-9.895,6.932,12.574,"S","J"],[462.33,-16.633,-1120.643,-0.786,0,0.618,0,1,0,-0.618,0,-0.786,-9.895,3.376,12.574,"S","J"],[462.206,-16.602,-1120.486,-0.786,0,0.618,0,1,0,-0.618,0,-0.786,-9.895,2.154,12.574,"S","J"],[462.041,-16.577,-1120.276,-0.786,0,0.618,0,1,0,-0.618,0,-0.786,-9.895,1.176,12.574,"S","J"],[461.876,-16.563,-1120.067,-0.786,0,0.618,0,1,0,-0.618,0,-0.786,-9.895,0.641,12.574,"S","J"],[461.711,-16.556,-1119.857,-0.786,0,0.618,0,1,0,-0.618,0,-0.786,-9.895,0.349,12.574,"S","J"],[461.505,-16.551,-1119.595,-0.786,0,0.618,0,1,0,-0.618,0,-0.786,-9.895,0.163,12.574,"S","J"],[461.34,-16.549,-1119.386,-0.786,0,0.618,0,1,0,-0.618,0,-0.786,-9.895,0.089,12.574,"S","J"],[461.175,-16.548,-1119.176,-0.786,0,0.618,0,1,0,-0.618,0,-0.786,-9.895,0.048,12.574,"S","J"],[461.011,-16.548,-1118.967,-0.786,0,0.618,0,1,0,-0.618,0,-0.786,-9.895,0.026,12.574,"S","J"],[460.846,-16.547,-1118.757,-0.786,0,0.618,0,1,0,-0.618,0,-0.786,-9.895,0.014,12.574,"S","J"],[460.681,-16.547,-1118.548,-0.786,0,0.618,0,1,0,-0.618,0,-0.786,-9.895,0.008,12.574,"S","J"],[460.516,-16.547,-1118.339,-0.786,0,0.618,0,1,0,-0.618,0,-0.786,-9.895,0.004,12.574,"S","J"],[460.351,-16.547,-1118.129,-0.786,0,0.618,0,1,0,-0.618,0,-0.786,-9.895,0.002,12.574,"S","J"],[460.186,-16.547,-1117.92,-0.786,0,0.618,0,1,0,-0.618,0,-0.786,-9.895,0.001,12.574,"S","J"],[460.062,-16.547,-1117.762,-0.786,0,0.618,0,1,0,-0.618,0,-0.786,-9.895,0.001,12.574,"S","J"],[459.856,-16.547,-1117.501,-0.786,0,0.618,0,1,0,-0.618,0,-0.786,-9.895,0,12.574,"S","J"],[459.691,-16.547,-1117.291,-0.786,0,0.618,0,1,0,-0.618,0,-0.786,-9.895,0,12.574,"S","J"],[459.568,-16.547,-1117.134,-0.789,0,0.615,0,1,0,-0.615,0,-0.789,-9.895,0,12.574,"S","J"],[459.362,-16.547,-1116.871,-0.794,0,0.608,0,1,0,-0.608,0,-0.794,-9.838,0,12.618,"S","J"],[459.2,-16.547,-1116.66,-0.8,0,0.6,0,1,0,-0.6,0,-0.8,-9.725,0,12.705,"S","J"],[459.04,-16.547,-1116.446,-0.808,0,0.589,0,1,0,-0.589,0,-0.808,-9.609,0,12.793,"S","J"],[458.882,-16.547,-1116.231,-0.816,0,0.578,0,1,0,-0.578,0,-0.816,-9.435,0,12.922,"S","J"],[458.766,-16.547,-1116.068,-0.821,0,0.571,0,1,0,-0.571,0,-0.821,-9.264,0,13.045,"S","J"],[458.575,-16.547,-1115.795,-0.826,0,0.564,0,1,0,-0.564,0,-0.826,-9.137,0,13.135,"S","J"],[458.425,-16.547,-1115.575,-0.831,0,0.556,0,1,0,-0.556,0,-0.831,-9.019,0,13.216,"S","J"],[458.276,-16.547,-1115.354,-0.839,0,0.545,0,1,0,-0.545,0,-0.839,-8.899,0,13.297,"S","J"],[458.131,-16.547,-1115.13,-0.846,0,0.533,0,1,0,-0.533,0,-0.846,-8.718,0,13.416,"S","J"],[458.023,-16.547,-1114.961,-0.853,0,0.522,0,1,0,-0.522,0,-0.853,-8.541,0,13.53,"S","J"],[457.849,-16.547,-1114.677,-0.858,0,0.514,0,1,0,-0.514,0,-0.858,-8.347,0,13.65,"S","J"],[457.746,-16.547,-1114.506,-0.86,0,0.51,0,1,0,-0.51,0,-0.86,-8.228,0,13.722,"S","J"],[457.576,-16.547,-1114.219,-0.86,0,0.51,0,1,0,-0.51,0,-0.86,-8.16,0,13.763,"S","J"],[457.474,-16.547,-1114.047,-0.86,0,0.51,0,1,0,-0.51,0,-0.86,-8.159,0,13.763,"S","J"],[457.338,-16.547,-1113.818,-0.86,0,0.51,0,1,0,-0.51,0,-0.86,-8.159,0,13.763,"S","J"],[457.202,-16.547,-1113.588,-0.86,0,0.51,0,1,0,-0.51,0,-0.86,-8.159,0,13.763,"S","J"],[457.066,-16.547,-1113.359,-0.86,0,0.51,0,1,0,-0.51,0,-0.86,-8.159,0,13.763,"S","J"],[456.93,-16.547,-1113.129,-0.86,0,0.51,0,1,0,-0.51,0,-0.86,"v","S","J"],[456.76,-16.547,-1112.842,-0.86,0,0.51,0,1,0,-0.51,0,-0.86,-8.159,0,13.763,"S","J"],[456.658,-16.547,-1112.67,-0.86,0,0.51,0,1,0,-0.51,0,-0.86,-8.159,0,13.763,"S","J"],[456.522,-16.547,-1112.441,-0.86,0,0.51,0,1,0,-0.51,0,-0.86,-8.159,0,13.763,"S","J"],[456.386,-16.547,-1112.211,-0.86,0,0.51,0,1,0,-0.51,0,-0.86,"v","S","J"],[456.25,-16.547,-1111.982,-0.86,0,0.51,0,1,0,-0.51,0,-0.86,"v","S","J"],[456.08,-16.547,-1111.695,-0.86,0,0.51,0,1,0,-0.51,0,-0.86,-8.159,0,13.763,"S","J"],[455.944,-16.547,-1111.465,-0.86,0,0.51,0,1,0,-0.51,0,-0.86,-8.159,0,13.763,"S","J"],[455.842,-16.547,-1111.293,-0.848,0,0.529,0,1,0,-0.529,0,-0.848,-8.159,0,13.763,"S","J"],[455.666,-16.547,-1111.01,-0.829,0,0.56,0,1,0,-0.56,0,-0.829,-8.467,0,13.576,"S","J"],[455.518,-16.547,-1110.788,-0.81,0,0.586,0,1,0,-0.586,0,-0.81,-8.947,0,13.265,"S","J"],[455.363,-16.547,-1110.571,-0.794,0,0.608,0,1,0,-0.608,0,-0.794,-9.364,0,12.973,"S","J"],[455.242,-16.547,-1110.412,-0.789,0,0.615,0,1,0,-0.615,0,-0.789,-9.704,0,12.721,"S","J"],[455.079,-16.547,-1110.201,-0.786,0,0.618,0,1,0,-0.618,0,-0.786,-9.835,0,12.62,"S","J"],[454.914,-16.547,-1109.992,-0.786,0,0.618,0,1,0,-0.618,0,-0.786,-9.893,0,12.575,"S","J"],[454.708,-16.547,-1109.73,-0.786,0,0.618,0,1,0,-0.618,0,-0.786,-9.895,0,12.574,"S","J"],[454.584,-16.547,-1109.573,-0.786,0,0.618,0,1,0,-0.618,0,-0.786,-9.895,0,12.574,"S","J"],[454.419,-16.547,-1109.363,-0.783,0,0.622,0,1,0,-0.622,0,-0.783,-9.895,0,12.574,"S","J"],[454.254,-16.547,-1109.154,-0.78,0,0.626,0,1,0,-0.626,0,-0.78,-9.95,0,12.53,"S","J"],[454.045,-16.547,-1108.894,-0.777,0,0.629,0,1,0,-0.629,0,-0.777,-10.008,0,12.484,"S","J"],[453.92,-16.547,-1108.739,-0.777,0,0.629,0,1,0,-0.629,0,-0.777,-10.062,0,12.44,"S","J"],[453.752,-16.547,-1108.531,-0.777,0,0.629,0,1,0,-0.629,0,-0.777,-10.065,0,12.438,"S","J"],[453.584,-16.547,-1108.324,-0.777,0,0.629,0,1,0,-0.629,0,-0.777,-10.065,0,12.438,"S","J"],[453.374,-16.547,-1108.064,-0.777,0,0.629,0,1,0,-0.629,0,-0.777,-10.065,0,12.438,"S","J"],[453.207,-16.547,-1107.857,-0.777,0,0.629,0,1,0,-0.629,0,-0.777,"v","S","J"],[453.039,-16.547,-1107.649,-0.777,0,0.629,0,1,0,-0.629,0,-0.777,-10.065,0,12.438,"S","J"],[452.913,-16.547,-1107.494,-0.777,0,0.629,0,1,0,-0.629,0,-0.777,-10.065,0,12.438,"S","J"],[452.746,-16.547,-1107.286,-0.777,0,0.629,0,1,0,-0.629,0,-0.777,-10.065,0,12.438,"S","J"],[452.578,-16.547,-1107.078,-0.777,0,0.629,0,1,0,-0.629,0,-0.777,-10.065,0,12.438,"S","J"],[452.41,-16.547,-1106.871,-0.777,0,0.629,0,1,0,-0.629,0,-0.777,-10.065,0,12.438,"S","J"],[452.242,-16.547,-1106.663,-0.775,0,0.633,0,1,0,-0.633,0,-0.775,-10.065,0,12.438,"S","J"],[452.032,-16.547,-1106.405,-0.766,0,0.643,0,1,0,-0.643,0,-0.766,-10.121,0,12.392,"S","J"],[451.903,-16.547,-1106.252,-0.754,0,0.657,0,1,0,-0.657,0,-0.754,-10.28,0,12.26,"S","J"],[451.729,-16.547,-1106.05,-0.745,0,0.667,0,1,0,-0.667,0,-0.745,-10.505,0,12.068,"S","J"],[451.551,-16.547,-1105.851,-0.733,0,0.68,0,1,0,-0.68,0,-0.733,-10.67,0,11.923,"S","J"],[451.37,-16.547,-1105.655,-0.708,0,0.707,0,1,0,-0.707,0,-0.708,-10.883,0,11.728,"S","J"],[451.183,-16.547,-1105.465,-0.661,0,0.75,0,1,0,-0.75,0,-0.661,-11.297,0,11.33,"S","J"],[450.935,-16.547,-1105.243,-0.609,0,0.793,0,1,0,-0.793,0,-0.609,-11.997,0,10.587,"S",1],[450.785,-15.762,-1105.111,-0.565,0,0.825,0,1,0,-0.825,0,-0.565,-11.997,61.965,10.587,3,"J"],[450.571,-14.763,-1104.952,-0.541,0,0.841,0,1,0,-0.841,0,-0.541,-13.138,58.695,9.121,5,"J"],[450.347,-13.819,-1104.807,-0.511,0,0.86,0,1,0,-0.86,0,-0.511,-13.478,55.425,8.621,"S","J"],[450.118,-12.93,-1104.671,-0.469,0,0.883,0,1,0,-0.883,0,-0.469,-13.783,52.155,8.126,"S","J"],[449.824,-11.894,-1104.515,-0.415,0,0.91,0,1,0,-0.91,0,-0.415,-14.174,48.067,7.423,"S","J"],[449.581,-11.127,-1104.404,-0.344,0,0.939,0,1,0,-0.939,0,-0.344,-14.609,44.797,6.523,"S",0],[449.332,-10.415,-1104.31,-0.287,0,0.958,0,1,0,-0.958,0,-0.287,-15.063,41.527,5.389,"S","J"],[449.076,-9.756,-1104.234,-0.273,0,0.962,0,1,0,-0.962,0,-0.273,-15.36,38.257,4.478,"S","J"],[448.82,-9.153,-1104.161,-0.271,0,0.963,0,1,0,-0.963,0,-0.271,-15.405,34.987,4.322,"S","J"],[448.627,-8.736,-1104.107,-0.274,0,0.962,0,1,0,-0.962,0,-0.274,-15.406,32.535,4.319,"S","J"],["s","v","S","J"],[448.441,-8.221,-1104.019,-0.77,-0.015,0.638,-0.008,1,0.013,-0.638,0.005,-0.77,-8.928,29.56,5.742,"S","J"],[448.309,-7.651,-1103.874,-0.987,-0.013,0.158,-0.012,1,0.009,-0.158,0.007,-0.987,-6.57,25.618,7.971,"S","J"],[448.234,-7.351,-1103.763,-0.726,0,-0.688,-0.006,1,0.006,0.688,0.008,-0.726,-5.609,23.165,9.384,"S","J"],[448.165,-6.999,-1103.603,-0.111,0.003,-0.994,0,1,0.004,0.994,0.001,-0.111,-3.317,19.895,9.642,"S","J"],[448.129,-6.635,-1103.418,0.176,0.001,-0.984,0.001,1,0.001,0.984,-0.001,0.176,-0.619,15.807,8.378,"S","J"],[448.139,-6.406,-1103.293,0.19,0,-0.982,0,1,0,0.982,0,0.19,1.3,12.537,6.942,"S",1],[448.167,-6.27,-1103.215,0,0,-1,0,1,0,1,0,0,2.766,10.085,5.91,"S","J"],[448.259,-6.111,-1103.107,-0.404,0,-0.915,0,1,0,0.915,0,-0.404,5.503,5.997,4.731,"S","J"],[448.364,-6.037,-1102.972,-0.99,0,-0.142,0,1,0,0.142,0,-0.99,4.715,1.91,7.609,"S","J"],[448.418,-6.033,-1102.863,-0.997,0,-0.078,0,1,0,0.078,0,-0.997,4.137,-0.543,9.301,"S","J"],[448.456,-6.035,-1102.561,-1,0,-0.03,0,1,0,0.03,0,-1,1.211,-0.004,15.839,7,"J"],[448.464,-6.135,-1102.354,-1,0,0.013,0,1,0,-0.013,0,-1,0.345,-7.7,11.947,"S","J"],[448.462,-6.298,-1102.146,-0.999,0,0.045,0,1,0,-0.045,0,-0.999,-0.156,-10.97,12.518,8,"J"],[448.46,-5.506,-1101.99,-0.997,0,0.072,0,1,0,-0.072,0,-0.997,-0.156,62.782,12.518,3,"J"],[448.451,-4.494,-1101.757,-0.996,0,0.089,0,1,0,-0.089,0,-0.996,-0.821,59.512,14.807,5,"J"],[448.429,-3.536,-1101.496,-0.994,0,0.106,0,1,0,-0.106,0,-0.994,-1.427,56.242,15.902,"S","J"],[448.363,-2.415,-1101.174,-0.911,0,0.412,0,1,0,-0.412,0,-0.911,-4.316,52.155,15.174,"S","J"],[448.268,-1.58,-1100.927,-0.909,0,0.417,0,1,0,-0.417,0,-0.909,-6.401,48.885,14.625,"S","J"],[448.185,-0.989,-1100.745,-0.905,0,0.425,0,1,0,-0.425,0,-0.905,-6.666,46.432,14.543,"S","J"],[448.072,-0.25,-1100.504,-0.901,0,0.433,0,1,0,-0.433,0,-0.901,-6.81,43.162,14.478,"S","J"],[447.956,0.436,-1100.263,-0.897,0,0.441,0,1,0,-0.441,0,-0.897,-6.941,39.892,14.416,"S","J"],[447.839,1.066,-1100.024,-0.893,0,0.449,0,1,0,-0.449,0,-0.893,-7.071,36.622,14.352,"S","J"],[447.719,1.643,-1099.786,-0.889,0,0.457,0,1,0,-0.457,0,-0.889,-7.201,33.352,14.288,"S","J"],[447.567,2.287,-1099.489,-0.883,0,0.469,0,1,0,-0.469,0,-0.883,-7.332,29.265,14.221,"S","J"],[447.473,2.632,-1099.312,-0.881,0,0.474,0,1,0,-0.474,0,-0.881,-7.516,26.812,14.125,"S","J"],[447.326,3.139,-1099.013,-0.899,0,0.438,0,1,0,-0.438,0,-0.899,-7.013,22.725,14.381,"S","J"],[447.238,3.403,-1098.834,-0.899,0,0.438,0,1,0,-0.438,0,-0.899,-7.009,20.272,14.383,"S","J"],[447.121,3.707,-1098.594,-0.899,0,0.438,0,1,0,-0.438,0,-0.899,-7.009,17.002,14.383,"S","J"],[447.005,3.956,-1098.354,-0.899,0,0.438,0,1,0,-0.438,0,-0.899,-7.009,13.732,14.383,"S","J"],[446.901,4.151,-1098.109,-0.916,0,0.401,0,1,0,-0.401,0,-0.916,-6.102,10.462,14.79,"S",0],[446.778,4.291,-1097.872,-0.867,0,0.498,0,1,0,-0.498,0,-0.867,-7.859,7.192,13.928,"S","J"],[446.646,4.377,-1097.641,-0.867,0,0.498,0,1,0,-0.498,0,-0.867,-7.969,3.922,13.874,"S","J"],[446.477,4.408,-1097.353,-0.86,0,0.509,0,1,0,-0.509,0,-0.86,-8.096,-0.165,13.801,"S","J"],[446.288,4.336,-1097.079,-0.796,0,0.606,0,1,0,-0.606,0,-0.796,-9.246,-5.056,13.057,8,"J"],[446.246,4.254,-1096.757,-0.679,0,0.734,0,1,0,-0.734,0,-0.679,-0.523,-0.986,15.962,"S","J"],[446.227,4.258,-1096.424,-0.645,0,0.764,0,1,0,-0.764,0,-0.645,-0.929,0.402,15.973,"S","J"],[446.197,4.265,-1096.092,-0.637,0,0.771,0,1,0,-0.771,0,-0.637,-1.507,0.274,15.929,"S","J"],[446.112,4.268,-1095.771,-0.404,0,0.915,0,1,0,-0.915,0,-0.404,-4.41,0.137,15.378,"S","J"],[446.041,4.27,-1095.514,-0.495,0,0.869,0,1,0,-0.869,0,-0.495,-4.226,0.075,15.432,"S","J"],[445.932,4.271,-1095.199,-0.424,0,0.906,0,1,0,-0.906,0,-0.424,-5.39,0.035,15.064,"S","J"],[445.834,4.238,-1094.951,-0.452,0,0.892,0,1,0,-0.892,0,-0.452,-5.93,-3.235,14.859,5,"J"],[445.702,4.119,-1094.645,-0.476,0,0.879,0,1,0,-0.879,0,-0.476,-6.4,-7.322,14.657,"S","J"],[445.554,3.915,-1094.347,-0.416,0,0.909,0,1,0,-0.909,0,-0.416,-7.181,-11.41,14.286,"S","J"],[445.414,3.691,-1094.12,-0.28,0,0.96,0,1,0,-0.96,0,-0.28,-8.974,-14.68,13.227,"S","J"],[445.268,3.413,-1093.898,-0.301,0,0.954,0,1,0,-0.954,0,-0.301,-8.763,-17.95,13.375,"S","J"],[445.105,3.079,-1093.687,-0.196,0,0.981,0,1,0,-0.981,0,-0.196,-10.055,-21.22,12.433,"S","J"],[444.872,2.586,-1093.449,-0.077,0,0.997,0,1,0,-0.997,0,-0.077,-11.568,-25.307,11.046,"S","J"],[444.664,2.008,-1093.201,0.04,0,0.999,0,1,0,-0.999,0,0.04,-8.953,-29.395,12.476,"S","J"],[444.537,1.484,-1092.981,0.07,0,0.998,0,1,0,-0.998,0,0.07,-6.871,-32.665,13.634,"S","J"],[444.425,0.752,-1092.677,0.073,0,0.997,0,1,0,-0.997,0,0.073,-4.329,-36.752,15.186,"S","J"],["s","v","S","J"],[444.321,-0.065,-1092.361,0.158,0,0.987,0,1,0,-0.987,0,0.158,-5.099,-40.84,15.162,"S","J"],[444.257,-0.595,-1092.172,0.228,0,0.974,0,1,0,-0.974,0,0.228,-5.104,-43.292,15.162,"S","J"],[444.149,-1.548,-1091.856,0.163,0,0.987,0,1,0,-0.987,0,0.163,-5.173,-47.38,15.138,"S","J"],[444.085,-2.161,-1091.667,0.233,0,0.973,0,1,0,-0.973,0,0.233,-5.173,-49.832,15.139,"S","J"],[443.998,-3.026,-1091.415,0.205,0,0.979,0,1,0,-0.979,0,0.205,-5.241,-53.102,15.115,"S","J"],[443.909,-3.945,-1091.163,0.205,0,0.979,0,1,0,-0.979,0,0.205,-5.309,-56.372,15.091,"S","J"],[443.821,-4.918,-1090.912,0.209,0,0.978,0,1,0,-0.978,0,0.209,-5.31,-59.642,15.091,"S","J"],[443.731,-5.947,-1090.661,0.209,0,0.978,0,1,0,-0.978,0,0.209,-5.378,-62.912,15.067,"S","J"],[443.642,-7.029,-1090.409,0.209,0,0.978,0,1,0,-0.978,0,0.209,-5.379,-66.182,15.067,"S","J"],[443.522,-8.459,-1090.098,0.203,0,0.979,0,1,0,-0.979,0,0.203,-5.787,-70.27,14.915,"S","J"],[443.369,-9.974,-1089.805,0.465,0,0.885,0,1,0,-0.885,0,0.465,-8.407,-74.357,13.523,"S","J"],[443.218,-11.247,-1089.586,0.463,0,0.886,0,1,0,-0.886,0,0.463,-9.159,-77.627,13.115,"S","J"],[443.068,-12.575,-1089.365,0.448,0,0.894,0,1,0,-0.894,0,0.448,-8.996,-80.897,13.229,"S","J"],[442.911,-13.958,-1089.15,0.488,0,0.873,0,1,0,-0.873,0,0.488,-9.467,-84.167,12.898,"S","J"],[442.741,-15.394,-1088.945,0.543,0,0.84,0,1,0,-0.84,0,0.543,-10.36,-87.437,12.19,"S","J"],[442.52,-17.267,-1088.695,0.53,0,0.848,0,1,0,-0.848,0,0.53,-10.597,-91.525,11.985,"S","J"],[442.302,-17.278,-1088.442,0.623,0,0.782,0,1,0,-0.782,0,0.623,-10.447,17.987,12.118,8,"J"],[442.129,-16.986,-1088.24,0.65,0,0.76,0,1,0,-0.76,0,0.65,-10.392,15.592,12.166,"S","J"],[441.956,-16.793,-1088.037,0.649,0,0.76,0,1,0,-0.76,0,0.649,-10.391,9.407,12.166,"S","J"],[441.726,-16.663,-1087.796,0.696,0,0.718,0,1,0,-0.718,0,0.696,-11.137,4.538,11.487,"S","J"],[441.541,-16.61,-1087.604,0.687,0,0.727,0,1,0,-0.727,0,0.687,-11.091,2.485,11.532,"S","J"],[441.366,-16.581,-1087.403,0.646,0,0.763,0,1,0,-0.763,0,0.646,-10.405,1.356,12.154,"S","J"],[441.201,-16.566,-1087.194,0.614,0,0.789,0,1,0,-0.789,0,0.614,-9.84,0.739,12.616,"S","J"],[441.078,-16.559,-1087.036,0.614,0,0.789,0,1,0,-0.789,0,0.614,-9.829,0.468,12.625,"S","J"],[440.956,-16.554,-1086.877,0.607,0,0.795,0,1,0,-0.795,0,0.607,-9.72,0.297,12.709,"S","J"],[440.801,-16.551,-1086.66,0.578,0,0.816,0,1,0,-0.816,0,0.578,-9.255,0.162,13.051,"S","J"],[440.647,-16.549,-1086.442,0.574,0,0.819,0,1,0,-0.819,0,0.574,-9.188,0.088,13.099,"S","J"],[440.494,-16.548,-1086.224,0.574,0,0.819,0,1,0,-0.819,0,0.574,-9.186,0.048,13.1,"S","J"],[440.341,-16.548,-1086.005,0.574,0,0.819,0,1,0,-0.819,0,0.574,-9.186,0.026,13.1,"S","J"],[440.189,-16.547,-1085.787,0.57,0,0.821,0,1,0,-0.821,0,0.57,-9.128,0.014,13.141,"S","J"],[440.011,-16.547,-1085.588,0.685,0,0.729,0,1,0,-0.729,-0.001,0.685,-10.897,0.008,11.723,"S","J"],[439.83,-16.547,-1085.393,0.688,0,0.725,0,1,0,-0.725,0,0.688,-10.88,0.004,11.731,"S","J"],[439.643,-16.547,-1085.202,0.703,0,0.711,0,1,0,-0.711,0,0.703,-11.239,0.002,11.386,"S","J"],[439.531,-16.547,-1085.089,0.734,0,0.679,0,1,0,-0.679,0,0.734,-4.003,0.001,4.054,"S","J"],[439.557,-16.547,-1084.967,0.773,0,0.634,0,1,0,-0.634,0,0.773,4.878,0.001,9.274,"S","J"],["s","v","S",1],[439.674,-16.002,-1084.793,0.774,0.044,0.632,-0.076,0.997,0.024,-0.629,-0.066,0.774,6.755,-30.08,6.982,3,0],[439.786,-15.77,-1084.414,0.739,-0.127,0.662,-0.046,0.97,0.238,-0.672,-0.206,0.711,17.725,-23.652,35.328,"S","J"],[440.199,-15.212,-1083.619,0.757,-0.205,0.621,-0.245,0.792,0.559,-0.606,-0.575,0.549,26.041,32.526,56.127,"S","J"],[440.746,-13.894,-1082.383,0.804,-0.286,0.522,-0.498,0.157,0.853,-0.326,-0.945,-0.016,26.594,63.384,62.893,"S",1],[441.285,-12.368,-1081.038,0.886,0.442,0.139,-0.359,0.465,0.809,0.293,-0.767,0.571,24.296,76.92,67.057,5,"J"],[441.816,-10.862,-1079.613,0.939,-0.013,0.344,-0.105,0.941,0.323,-0.327,-0.339,0.882,25.838,67.02,67.589,"S","J"],[442.363,-9.554,-1078.316,0.773,-0.045,0.632,0.021,0.999,0.046,-0.634,-0.022,0.773,25.833,60.474,59.129,"S","J"],[442.777,-8.581,-1077.374,0.77,-0.008,0.638,0.016,1,-0.007,-0.638,0.016,0.77,24.262,57.121,55.186,"S","J"],[443.167,-7.663,-1076.481,0.685,0.002,0.728,0.006,1,-0.009,-0.728,0.01,0.685,22.97,53.853,52.692,"S","J"],[443.544,-6.8,-1075.627,0.368,0.003,0.93,0.001,1,-0.004,-0.93,0.003,0.368,22.424,50.581,50.437,"S","J"],[443.904,-5.991,-1074.806,-0.072,0.001,0.997,0,1,-0.001,-0.997,0,-0.072,21.098,47.311,48.541,"S","J"],[444.243,-5.237,-1074.017,-0.158,0,0.988,0,1,0,-0.988,0,-0.158,19.832,44.041,46.548,"S","J"],[444.562,-4.537,-1073.264,-0.479,0,0.878,0,1,0,-0.878,0,-0.479,18.798,40.771,44.402,"S","J"],[444.868,-3.891,-1072.547,-0.65,0,0.76,0,1,0,-0.76,0,-0.65,18.031,37.501,42.143,"S","J"],[445.164,-3.3,-1071.869,-0.892,0,0.451,0,1,0,-0.451,0,-0.892,17.644,34.231,39.789,"S","J"],[445.515,-2.638,-1071.074,-0.963,0,0.27,0,1,0,-0.27,0,-0.963,16.333,30.143,37.113,"S","J"],[445.714,-2.282,-1070.624,-0.974,0,0.227,0,1,0,-0.227,0,-0.974,15.677,27.691,35.45,"S","J"],[445.968,-1.854,-1070.057,-0.995,0,0.103,0,1,0,-0.103,0,-0.995,14.949,24.421,33.18,"S",0],[446.21,-1.481,-1069.528,-0.999,0,0.044,0,1,0,-0.044,0,-0.999,14.319,21.151,30.881,"S","J"],[446.444,-1.163,-1069.037,-1,0,-0.027,0,1,0,0.027,0,-1,13.796,17.881,28.556,"S","J"],[446.725,-0.842,-1068.479,-0.995,0,-0.104,0,1,0,0.104,0,-0.995,13.305,13.793,25.617,"S","J"],[447.002,-0.605,-1067.982,-0.888,0,0.46,0,1,0,-0.46,0,-0.888,13.3,9.706,22.623,"S","J"],[447.224,-0.478,-1067.63,-0.889,0,0.458,0,1,0,-0.458,0,-0.889,13.274,6.436,20.239,"S","J"],[447.498,-0.395,-1067.246,-0.882,0,0.47,0,1,0,-0.47,0,-0.882,13.133,2.348,17.262,"S","J"],[447.712,-0.39,-1066.982,-0.82,0,0.572,0,1,0,-0.572,0,-0.82,12.65,-0.922,14.927,"S","J"],[447.908,-0.439,-1066.754,-0.747,0,0.665,0,1,0,-0.665,0,-0.747,11.257,-4.192,12.99,"S","J"],[448.108,-0.577,-1066.477,-0.662,0,0.75,0,1,0,-0.75,0,-0.662,8.761,-8.279,13.443,"S","J"],[448.259,-0.801,-1066.18,-0.527,0,0.85,0,1,0,-0.85,0,-0.527,6.368,-12.367,14.663,"S","J"],[448.345,-1.041,-1065.928,-0.401,0,0.916,0,1,0,-0.916,0,-0.401,4.724,-15.637,15.279,"S","J"],[448.399,-1.336,-1065.679,-0.162,0,0.987,0,1,0,-0.987,0,-0.162,2.376,-18.907,14.794,"S","J"],[448.433,-1.223,-1065.478,-0.108,0,0.994,0,1,0,-0.994,0,-0.108,1.857,10.605,10.783,12,"J"],["s","v","S",1],[448.951,-0.606,-1065.445,-0.209,0,0.978,0,1,0,-0.978,0,-0.209,41.455,48.575,2.654,3,"J"],[449.613,0.17,-1065.44,-0.113,0,0.994,0,1,0,-0.994,0,-0.113,38.892,45.307,-0.418,5,"J"],[450.239,0.891,-1065.456,-0.074,0,0.997,0,1,0,-0.997,0,-0.074,36.849,42.037,-1.253,"S","J"],[450.832,1.558,-1065.483,-0.07,0,0.998,0,1,0,-0.998,0,-0.07,34.866,38.767,-1.819,"S","J"],[451.392,2.17,-1065.519,-0.069,0,0.998,0,1,0,-0.998,0,-0.069,32.887,35.497,-2.343,"S","J"],[451.919,2.727,-1065.563,-0.069,0,0.998,0,1,0,-0.998,0,-0.069,30.906,32.227,-2.848,"S","J"],[452.412,3.23,-1065.615,-0.069,0,0.998,0,1,0,-0.998,0,-0.069,28.923,28.957,-3.337,"S","J"],[453.304,4.073,-1065.723,-0.316,0,0.949,0,1,0,-0.949,0,-0.316,25.188,22.417,-2.223,"S",0],[453.705,4.412,-1065.743,-0.367,0,0.93,0,1,0,-0.93,0,-0.367,23.424,19.147,-0.622,"S","J"],[454.077,4.697,-1065.737,-0.375,0,0.927,0,1,0,-0.927,0,-0.375,21.659,15.877,0.979,"S","J"],[454.501,4.977,-1065.691,-0.407,0,0.914,0,1,0,-0.914,0,-0.407,19.454,11.789,2.98,"S","J"],[454.879,5.172,-1065.604,-0.361,0,0.933,0,1,0,-0.933,0,-0.361,17.301,7.702,5.039,"S","J"],[455.148,5.266,-1065.505,-0.312,0,0.95,0,1,0,-0.95,0,-0.312,15.388,4.432,6.46,"S","J"],[455.432,5.307,-1065.361,-0.272,0,0.962,0,1,0,-0.962,0,-0.272,12.497,0.344,7.188,"S","J"],[455.574,5.291,-1065.268,-0.141,0,0.99,0,1,0,-0.99,0,-0.141,10.749,-2.108,7.564,"S","J"],[455.729,5.222,-1065.148,-0.095,0,0.996,0,1,0,-0.996,0,-0.095,8.428,-5.378,6.995,"S","J"],[455.845,5.098,-1065.037,-0.061,0,0.998,0,1,0,-0.998,0,-0.061,6.113,-8.648,6.425,"S","J"],[455.93,4.92,-1064.948,-0.058,0,0.998,0,1,0,-0.998,0,-0.058,4.47,-11.918,4.698,"S","J"],[455.98,4.687,-1064.875,-0.053,0,0.999,0,1,0,-0.999,0,-0.053,2.126,-15.188,4.265,"S","J"],[455.988,4.32,-1064.793,-0.035,0,0.999,0,1,0,-0.999,0,-0.035,-0.792,-19.276,3.667,"S","J"],[455.95,3.964,-1064.736,-0.066,0,0.998,0,1,0,-0.998,0,-0.066,-3.139,-22.546,3.252,"S","J"],[455.873,3.555,-1064.686,-0.071,0,0.998,0,1,0,-0.998,0,-0.071,-5.491,-25.816,2.864,"S","J"],[455.722,2.966,-1064.633,-0.062,0,0.998,0,1,0,-0.998,0,-0.062,-8.423,-29.903,2.339,"S","J"],[455.557,2.433,-1064.599,-0.058,0,0.998,0,1,0,-0.998,0,-0.058,-10.769,-33.173,1.919,"S","J"],[455.354,1.846,-1064.571,-0.057,0,0.998,0,1,0,-0.998,0,-0.057,-13.11,-36.443,1.468,"S","J"],[455.237,1.961,-1064.558,-0.057,0,0.998,0,1,0,-0.998,0,-0.057,-1.077,10.847,0.12,12,"J"],[455.234,2.147,-1064.558,-0.057,0,0.998,0,1,0,-0.998,0,-0.057,-0.021,11.193,0.002,"S","J"],["s","v","S",1],[455.853,2.966,-1064.811,-0.253,0,0.968,0,1,0,-0.968,0,-0.253,37.307,47.887,-15.241,3,0],[456.596,3.912,-1065.116,-0.487,0,0.873,0,1,0,-0.873,0,-0.487,34.523,43.799,-14.182,5,1],[457.148,4.608,-1065.344,-0.398,0,0.917,0,1,0,-0.917,0,-0.398,32.27,40.529,-13.402,"S","J"],[457.662,5.25,-1065.559,-0.521,0,0.854,0,1,0,-0.854,0,-0.521,30.013,37.259