[[780.239,-16.724,-1362.499,0.249,0,0.968,0,1,0,-0.968,0,0.249,0,0,0,8,0],[780.082,-16.724,-1362.682,0.345,0,0.939,0,1,0,-0.939,0,0.345,-9.662,0,-11.249,"S","J"],[779.996,-16.724,-1362.782,0.378,0,0.926,0,1,0,-0.926,0,0.378,-10.318,0,-12.013,"S","J"],[779.823,-16.724,-1362.985,0.436,0,0.9,0,1,0,-0.9,0,0.436,-10.369,0,-12.181,"S","J"],[779.652,-16.724,-1363.189,0.487,0,0.873,0,1,0,-0.873,0,0.487,-10.261,0,-12.276,"S","J"],[779.482,-16.724,-1363.395,0.53,0,0.848,0,1,0,-0.848,0,0.53,-10.204,0,-12.324,"S","J"],[779.313,-16.724,-1363.601,0.567,0,0.824,0,1,0,-0.824,0,0.567,-10.148,0,-12.37,"S","J"],[779.145,-16.724,-1363.808,0.599,0,0.801,0,1,0,-0.801,0,0.599,-10.036,0,-12.461,"S","J"],[778.897,-16.724,-1364.122,0.64,0,0.769,0,1,0,-0.769,0,0.64,-9.921,0,-12.553,"S","J"],[778.815,-16.724,-1364.227,0.651,0,0.759,0,1,0,-0.759,0,0.651,-9.822,0,-12.63,"S","J"],[778.573,-16.724,-1364.545,0.683,0,0.731,0,1,0,-0.731,0,0.683,-9.692,0,-12.731,"S","J"],[778.493,-16.724,-1364.652,0.692,0,0.722,0,1,0,-0.722,0,0.692,-9.592,0,-12.806,"S","J"],[778.258,-16.724,-1364.976,0.717,0,0.697,0,1,0,-0.697,0,0.717,-9.4,0,-12.947,"S","J"],[778.18,-16.724,-1365.084,0.724,0,0.689,0,1,0,-0.689,0,0.724,-9.299,0,-13.02,"S","J"],[778.027,-16.724,-1365.302,0.738,0,0.675,0,1,0,-0.675,0,0.738,-9.166,0,-13.114,"S","J"],[777.877,-16.724,-1365.523,0.751,0,0.66,0,1,0,-0.66,0,0.751,-8.988,0,-13.237,"S","J"],[777.729,-16.724,-1365.745,0.763,0,0.647,0,1,0,-0.647,0,0.763,-8.866,0,-13.319,"S","J"],[777.582,-16.724,-1365.968,0.773,0,0.634,0,1,0,-0.634,0,0.773,-8.804,0,-13.36,"S","J"],[777.438,-16.724,-1366.192,0.783,0,0.622,0,1,0,-0.622,0,0.783,-8.684,0,-13.439,"S","J"],[777.294,-16.724,-1366.416,0.791,0,0.611,0,1,0,-0.611,0,0.791,-8.621,0,-13.479,"S","J"],[777.151,-16.724,-1366.641,0.799,0,0.601,0,1,0,-0.601,0,0.799,-8.56,0,-13.518,"S","J"],[777.008,-16.724,-1366.867,0.805,0,0.593,0,1,0,-0.593,0,0.805,-8.559,0,-13.518,"S","J"],[776.867,-16.724,-1367.093,0.811,0,0.585,0,1,0,-0.585,0,0.811,-8.499,0,-13.556,"S","J"],[776.725,-16.724,-1367.318,0.816,0,0.577,0,1,0,-0.577,0,0.816,-8.497,0,-13.557,"S","J"],[776.583,-16.724,-1367.544,0.821,0,0.571,0,1,0,-0.571,0,0.821,-8.497,0,-13.557,"S","J"],[776.442,-16.724,-1367.77,0.824,0,0.566,0,1,0,-0.566,0,0.824,-8.497,0,-13.557,"S","J"],[776.3,-16.724,-1367.996,0.828,0,0.561,0,1,0,-0.561,0,0.828,"v","S","J"],[776.159,-16.724,-1368.222,0.83,0,0.557,0,1,0,-0.557,0,0.83,"v","S","J"],[776.017,-16.724,-1368.448,0.833,0,0.554,0,1,0,-0.554,0,0.833,-8.497,0,-13.557,"S","J"],[775.876,-16.724,-1368.674,0.85,0,0.526,0,1,0,-0.526,0,0.85,-8.437,0,-13.595,"S","J"],[775.736,-16.724,-1368.901,0.85,0,0.527,0,1,0,-0.527,0,0.85,-8.436,0,-13.595,"S","J"],[775.56,-16.724,-1369.184,0.85,0,0.527,0,1,0,-0.527,0,0.85,-8.436,0,-13.595,"S","J"],[775.417,-16.724,-1369.302,0.854,0,0.52,0,1,0,-0.52,0,0.854,-12.942,0,-7.32,"S","J"],[775.165,-16.724,-1369.374,0.864,0,0.504,0,1,0,-0.504,0,0.864,-15.488,0,-3.866,"S","J"],[774.843,-16.724,-1369.458,0.884,0,0.468,0,1,0,-0.468,0,0.884,-15.474,0,-4.07,"S","J"],[774.651,-16.724,-1369.516,0.9,0,0.436,0,1,0,-0.436,0,0.9,-15.304,0,-4.666,"S","J"],[774.399,-16.724,-1369.602,0.912,0,0.411,0,1,0,-0.411,0,0.912,-15.117,0,-5.24,"S","J"],[774.149,-16.724,-1369.695,0.917,0,0.399,0,1,0,-0.399,0,0.917,-14.968,0,-5.653,"S","J"],[773.901,-16.724,-1369.792,0.924,0,0.382,0,1,0,-0.382,0,0.924,-14.888,0,-5.86,"S","J"],[773.654,-16.724,-1369.894,0.936,0,0.352,0,1,0,-0.352,0,0.936,-14.78,0,-6.128,"S","J"],[773.411,-16.724,-1370.002,0.954,0,0.301,0,1,0,-0.301,0,0.954,-14.58,0,-6.59,"S","J"],[773.173,-16.724,-1370.124,0.972,0,0.235,0,1,0,-0.235,0,0.972,-14.202,0,-7.368,"S","J"],[772.944,-16.724,-1370.26,0.984,0,0.178,0,1,0,-0.178,0,0.984,-13.67,0,-8.312,"S","J"],[772.724,-16.724,-1370.41,0.991,0,0.137,0,1,0,-0.137,0,0.991,-13.155,0,-9.106,"S","J"],[772.48,-16.724,-1370.458,0.996,0,0.092,0,1,0,-0.092,0,0.996,-15.51,0,0.778,"S","J"],[772.215,-16.724,-1370.435,0.999,0,0.033,0,1,0,-0.033,0,0.999,-15.923,0,1.464,"S","J"],[771.949,-16.724,-1370.424,0.999,0,-0.035,0,1,0,0.035,0,0.999,-15.99,0,0.554,"S","J"],[771.682,-16.724,-1370.431,0.994,0,-0.107,0,1,0,0.107,0,0.994,-15.99,0,-0.531,"S","J"],[771.417,-16.724,-1370.456,0.987,0,-0.161,0,1,0,0.161,0,0.987,-15.91,0,-1.688,"S","J"],[771.088,-16.724,-1370.508,0.977,0,-0.214,0,1,0,0.214,0,0.977,-15.792,0,-2.568,"S","J"],[770.892,-16.724,-1370.549,0.965,0,-0.263,0,1,0,0.263,0,0.965,-15.637,0,-3.385,"S","J"],[770.634,-16.724,-1370.617,0.945,0,-0.328,0,1,0,0.328,0,0.945,-15.441,0,-4.19,"S","J"],[770.381,-16.724,-1370.702,0.918,0,-0.396,0,1,0,0.396,0,0.918,-15.122,0,-5.225,"S","J"],[770.135,-16.724,-1370.804,0.891,0,-0.453,0,1,0,0.453,0,0.891,-14.704,0,-6.307,"S","J"],[769.837,-16.724,-1370.953,0.859,0,-0.513,0,1,0,0.513,0,0.859,-14.267,0,-7.242,"S","J"],[769.664,-16.724,-1371.053,0.822,0,-0.57,0,1,0,0.57,0,0.822,-13.765,0,-8.152,"S","J"],[769.444,-16.724,-1371.203,0.784,0,-0.621,0,1,0,0.621,0,0.784,-13.16,0,-9.099,"S","J"],[769.233,-16.724,-1371.366,0.743,0,-0.669,0,1,0,0.669,0,0.743,-12.555,0,-9.918,"S","J"],[769.033,-16.724,-1371.543,0.718,0,-0.696,0,1,0,0.696,0,0.718,-11.9,0,-10.695,"S","J"],[768.793,-16.724,-1371.774,0.702,0,-0.712,0,1,0,0.712,0,0.702,-11.493,0,-11.131,"S","J"],[768.652,-16.724,-1371.916,0.696,0,-0.718,0,1,0,0.718,0,0.696,-11.248,0,-11.379,"S","J"],[768.466,-16.724,-1372.107,0.686,0,-0.728,0,1,0,0.728,0,0.686,-11.133,0,-11.492,"S","J"],[768.283,-16.724,-1372.301,0.676,0,-0.737,0,1,0,0.737,0,0.676,-10.976,0,-11.641,"S","J"],["s","v","S","J"],[768.063,-16.724,-1372.551,0.656,0,-0.755,0,1,0,0.755,0,0.656,-10.492,0,-12.08,"S","J"],[767.932,-16.724,-1372.702,0.656,0,-0.755,0,1,0,0.755,0,0.656,-10.489,0,-12.083,"S","J"],[767.757,-16.724,-1372.903,0.656,0,-0.755,0,1,0,0.755,0,0.656,-10.488,0,-12.083,"S","J"],[767.582,-16.724,-1373.104,0.656,0,-0.755,0,1,0,0.755,0,0.656,-10.488,0,-12.083,"S","J"],[767.408,-16.724,-1373.306,0.656,0,-0.755,0,1,0,0.755,0,0.656,"v","S","J"],[767.233,-16.724,-1373.507,0.656,0,-0.755,0,1,0,0.755,0,0.656,"v","S","J"],[767.058,-16.724,-1373.708,0.656,0,-0.755,0,1,0,0.755,0,0.656,"v","S","J"],[766.883,-16.724,-1373.909,0.656,0,-0.755,0,1,0,0.755,0,0.656,"v","S","J"],[766.708,-16.724,-1374.11,0.656,0,-0.755,0,1,0,0.755,0,0.656,"v","S","J"],[766.534,-16.724,-1374.312,0.656,0,-0.755,0,1,0,0.755,0,0.656,"v","S","J"],[766.359,-16.724,-1374.513,0.656,0,-0.755,0,1,0,0.755,0,0.656,"v","S","J"],[766.184,-16.724,-1374.714,0.656,0,-0.755,0,1,0,0.755,0,0.656,"v","S",1],[766.009,-15.851,-1374.915,0.656,0,-0.755,0,1,0,0.755,0,0.656,-10.488,51.365,-12.083,3,"J"],[765.834,-15.029,-1375.116,0.722,0,-0.692,0,1,0,0.692,0,0.722,-10.488,48.095,-12.083,5,"J"],[765.66,-14.262,-1375.317,0.747,0,-0.665,0,1,0,0.665,0,0.747,-10.488,44.825,-12.083,"S","J"],[765.485,-13.549,-1375.519,0.75,0,-0.662,0,1,0,0.662,0,0.75,-10.488,41.555,-12.083,"S","J"],[765.31,-12.89,-1375.72,0.75,0,-0.661,0,1,0,0.661,0,0.75,-10.488,38.285,-12.083,"S","J"],[765.135,-12.286,-1375.921,0.75,0,-0.661,0,1,0,0.661,0,0.75,-10.488,35.015,-12.083,"S","J"],[764.96,-11.737,-1376.122,0.75,0,-0.661,0,1,0,0.661,0,0.75,-10.488,31.745,-12.083,"S","J"],[764.786,-11.242,-1376.323,0.75,0,-0.661,0,1,0,0.661,0,0.75,-10.488,28.475,-12.083,"S","J"],[764.611,-10.801,-1376.524,0.75,0,-0.661,0,1,0,0.661,0,0.75,-10.488,25.205,-12.083,"S","J"],[764.436,-10.415,-1376.726,0.75,0,-0.661,0,1,0,0.661,0,0.75,-10.488,21.935,-12.083,"S","J"],[764.261,-10.084,-1376.927,0.744,0,-0.668,0,1,0,0.668,0,0.744,-10.488,18.665,-12.083,"S","J"],[764.088,-9.807,-1377.129,0.738,0,-0.675,0,1,0,0.675,0,0.738,-10.38,15.395,-12.176,"S","J"],[763.917,-9.584,-1377.334,0.732,0,-0.682,0,1,0,0.682,0,0.732,-10.27,12.125,-12.269,"S","J"],[763.705,-9.383,-1377.591,0.751,0,-0.66,0,1,0,0.66,0,0.751,-10.156,8.037,-12.363,"S","J"],[763.578,-9.303,-1377.746,0.705,0,-0.709,0,1,0,0.709,0,0.705,-10.102,5.585,-12.407,"S","J"],[763.41,-9.244,-1377.953,0.729,0,-0.685,0,1,0,0.685,0,0.729,-10.099,2.315,-12.41,"S","J"],[763.242,-9.239,-1378.16,0.729,0,-0.685,0,1,0,0.685,0,0.729,-10.099,-0.955,-12.41,"S","J"],[763.074,-9.289,-1378.367,0.729,0,-0.685,0,1,0,0.685,0,0.729,-10.099,-4.225,-12.41,"S","J"],[762.905,-9.394,-1378.574,0.729,0,-0.685,0,1,0,0.685,0,0.729,-10.099,-7.495,-12.41,"S","J"],[762.737,-9.552,-1378.781,0.729,0,-0.685,0,1,0,0.685,0,0.729,-10.099,-10.765,-12.41,"S","J"],[762.569,-9.766,-1378.988,0.729,0,-0.685,0,1,0,0.685,0,0.729,-10.099,-14.035,-12.41,"S","J"],[762.401,-10.034,-1379.195,0.729,0,-0.685,0,1,0,0.685,0,0.729,-10.099,-17.305,-12.41,"S","J"],[762.233,-10.356,-1379.402,0.729,0,-0.685,0,1,0,0.685,0,0.729,-10.099,-20.575,-12.41,"S","J"],[762.064,-10.733,-1379.609,0.729,0,-0.685,0,1,0,0.685,0,0.729,-10.099,-23.845,-12.41,"S","J"],[761.896,-11.165,-1379.817,0.729,0,-0.685,0,1,0,0.685,0,0.729,-10.099,-27.115,-12.41,"S","J"],[761.728,-11.651,-1380.024,0.729,0,-0.685,0,1,0,0.685,0,0.729,-10.099,-30.385,-12.41,"S","J"],[761.56,-12.191,-1380.231,0.729,0,-0.685,0,1,0,0.685,0,0.729,-10.099,-33.655,-12.41,"S","J"],[761.391,-12.786,-1380.438,0.729,0,-0.685,0,1,0,0.685,0,0.729,-10.099,-36.925,-12.41,"S","J"],[761.223,-13.436,-1380.645,0.729,0,-0.685,0,1,0,0.685,0,0.729,-10.099,-40.195,-12.41,"S","J"],[761.055,-14.14,-1380.852,0.729,0,-0.685,0,1,0,0.685,0,0.729,-10.099,-43.465,-12.41,"S","J"],[760.887,-14.898,-1381.059,0.732,0,-0.682,0,1,0,0.682,0,0.732,-10.099,-46.735,-12.41,"S","J"],["s","v",8,0],[760.708,-15.711,-1381.257,0.676,0,-0.737,0,1,0,0.737,0,0.676,-10.799,-50.005,-11.805,"S","J"],[760.528,-16.579,-1381.453,0.676,0,-0.737,0,1,0,0.737,0,0.676,-10.813,-53.275,-11.793,"S","J"],[760.348,-16.992,-1381.65,0.676,0,-0.737,0,1,0,0.737,0,0.676,-10.813,-3.828,-11.793,"S","J"],[760.123,-16.902,-1381.896,0.672,0,-0.74,0,1,0,0.74,0,0.672,-10.813,5.545,-11.793,"S","J"],[759.988,-16.842,-1382.044,0.672,0,-0.74,0,1,0,0.74,0,0.672,-10.763,4.276,-11.839,"S","J"],[759.809,-16.79,-1382.241,0.672,0,-0.74,0,1,0,0.74,0,0.672,-10.76,2.521,-11.842,"S","J"],[759.629,-16.76,-1382.439,0.672,0,-0.74,0,1,0,0.74,0,0.672,-10.76,1.403,-11.842,"S","J"],[759.405,-16.741,-1382.685,0.672,0,-0.74,0,1,0,0.74,0,0.672,-10.76,0.661,-11.842,"S","J"],[759.27,-16.735,-1382.833,0.672,0,-0.74,0,1,0,0.74,0,0.672,-10.76,0.419,-11.842,"S","J"],[759.091,-16.73,-1383.031,0.672,0,-0.74,0,1,0,0.74,0,0.672,-10.76,0.228,-11.842,"S","J"],[758.911,-16.728,-1383.228,0.672,0,-0.74,0,1,0,0.74,0,0.672,-10.76,0.124,-11.842,"S","J"],[758.732,-16.726,-1383.425,0.672,0,-0.74,0,1,0,0.74,0,0.672,-10.76,0.068,-11.842,"S","J"],[758.553,-16.725,-1383.622,0.672,0,-0.74,0,1,0,0.74,0,0.672,-10.76,0.037,-11.842,"S","J"],[758.373,-16.725,-1383.82,0.672,0,-0.74,0,1,0,0.74,0,0.672,-10.76,0.02,-11.842,"S","J"],[758.194,-16.725,-1384.017,0.672,0,-0.74,0,1,0,0.74,0,0.672,-10.76,0.011,-11.842,"S","J"],[758.014,-16.725,-1384.214,0.672,0,-0.74,0,1,0,0.74,0,0.672,-10.76,0.006,-11.842,"S","J"],[757.835,-16.725,-1384.411,0.672,0,-0.74,0,1,0,0.74,0,0.672,-10.76,0.003,-11.842,"S","J"],[757.655,-16.725,-1384.609,0.672,0,-0.74,0,1,0,0.74,0,0.672,-10.76,0.001,-11.842,"S","J"],[757.476,-16.725,-1384.806,0.672,0,-0.74,0,1,0,0.74,0,0.672,-10.76,0.001,-11.842,"S","J"],[757.297,-16.724,-1385.003,0.672,0,-0.74,0,1,0,0.74,0,0.672,-10.76,0,-11.842,"S","J"],[757.117,-16.724,-1385.2,0.672,0,-0.74,0,1,0,0.74,0,0.672,-10.76,0,-11.842,"S","J"],[756.938,-16.724,-1385.398,0.672,0,-0.74,0,1,0,0.74,0,0.672,-10.76,0,-11.842,"S","J"],[756.758,-16.724,-1385.595,0.672,0,-0.74,0,1,0,0.74,0,0.672,-10.76,0,-11.842,"S","J"],[756.579,-16.724,-1385.792,0.672,0,-0.74,0,1,0,0.74,0,0.672,-10.76,0,-11.842,"S","J"],[756.399,-16.724,-1385.99,0.672,0,-0.74,0,1,0,0.74,0,0.672,"v","S","J"],[756.22,-16.724,-1386.187,0.672,0,-0.74,0,1,0,0.74,0,0.672,"v","S","J"],[756.04,-16.724,-1386.384,0.672,0,-0.74,0,1,0,0.74,0,0.672,"v","S","J"],[755.861,-16.724,-1386.581,0.676,0,-0.737,0,1,0,0.737,0,0.676,"v","S","J"],[755.681,-16.724,-1386.778,0.676,0,-0.737,0,1,0,0.737,0,0.676,-10.812,0,-11.794,"S","J"],[755.501,-16.724,-1386.975,0.679,0,-0.734,0,1,0,0.734,0,0.679,-10.813,0,-11.793,"S","J"],[755.32,-16.724,-1387.171,0.679,0,-0.734,0,1,0,0.734,0,0.679,-10.866,0,-11.745,"S","J"],[755.139,-16.724,-1387.366,0.682,0,-0.731,0,1,0,0.731,0,0.682,-10.867,0,-11.744,"S","J"],[754.957,-16.724,-1387.561,0.686,0,-0.728,0,1,0,0.728,0,0.686,-10.919,0,-11.695,"S","J"],[754.774,-16.724,-1387.756,0.686,0,-0.728,0,1,0,0.728,0,0.686,-10.972,0,-11.645,"S","J"],[754.591,-16.724,-1387.949,0.689,0,-0.725,0,1,0,0.725,0,0.689,-10.973,0,-11.645,"S","J"],[754.407,-16.724,-1388.143,0.696,0,-0.718,0,1,0,0.718,0,0.696,-11.025,0,-11.596,"S","J"],[754.222,-16.724,-1388.335,0.702,0,-0.712,0,1,0,0.712,0,0.702,-11.128,0,-11.496,"S","J"],[754.035,-16.724,-1388.525,0.705,0,-0.709,0,1,0,0.709,0,0.705,-11.232,0,-11.395,"S","J"],[753.847,-16.724,-1388.714,0.709,0,-0.706,0,1,0,0.706,0,0.709,-11.285,0,-11.343,"S","J"],[753.658,-16.724,-1388.902,0.709,0,-0.706,0,1,0,0.706,0,0.709,-11.336,0,-11.291,"S","J"],[753.469,-16.724,-1389.09,0.709,0,-0.706,0,1,0,0.706,0,0.709,-11.337,0,-11.29,"S","J"],[753.281,-16.724,-1389.278,0.709,0,-0.706,0,1,0,0.706,0,0.709,-11.337,0,-11.29,"S","J"],[753.092,-16.724,-1389.466,0.712,0,-0.702,0,1,0,0.702,0,0.712,-11.337,0,-11.29,"S","J"],[752.902,-16.724,-1389.654,0.712,0,-0.702,0,1,0,0.702,0,0.712,-11.387,0,-11.24,"S","J"],[752.712,-16.724,-1389.841,0.712,0,-0.702,0,1,0,0.702,0,0.712,-11.388,0,-11.239,"S","J"],[752.523,-16.724,-1390.029,0.712,0,-0.702,0,1,0,0.702,0,0.712,-11.388,0,-11.239,"S","J"],[752.333,-16.724,-1390.216,0.712,0,-0.702,0,1,0,0.702,0,0.712,"v","S","J"],[752.143,-16.724,-1390.404,0.712,0,-0.702,0,1,0,0.702,0,0.712,"v","S","J"],[751.953,-16.724,-1390.591,0.712,0,-0.702,0,1,0,0.702,0,0.712,"v","S","J"],[751.764,-16.724,-1390.779,0.712,0,-0.702,0,1,0,0.702,0,0.712,-11.388,0,-11.239,"S","J"],[751.574,-16.724,-1390.966,0.712,0,-0.702,0,1,0,0.702,0,0.712,-11.388,0,-11.239,"S","J"],[751.384,-16.724,-1391.154,0.712,0,-0.702,0,1,0,0.702,0,0.712,"v","S","J"],[751.195,-16.724,-1391.341,0.712,0,-0.702,0,1,0,0.702,0,0.712,"v","S","J"],[751.005,-16.724,-1391.529,0.712,0,-0.702,0,1,0,0.702,0,0.712,"v","S","J"],[750.815,-16.724,-1391.716,0.712,0,-0.702,0,1,0,0.702,0,0.712,"v","S","J"],[750.626,-16.724,-1391.904,0.712,0,-0.702,0,1,0,0.702,0,0.712,"v","S","J"],[750.436,-16.724,-1392.091,0.712,0,-0.702,0,1,0,0.702,0,0.712,"v","S","J"],[750.246,-16.724,-1392.279,0.712,0,-0.702,0,1,0,0.702,0,0.712,"v","S","J"],[750.056,-16.724,-1392.466,0.712,0,-0.702,0,1,0,0.702,0,0.712,"v","S","J"],[749.867,-16.724,-1392.654,0.712,0,-0.702,0,1,0,0.702,0,0.712,"v","S","J"],[749.677,-16.724,-1392.841,0.715,0,-0.699,0,1,0,0.699,0,0.715,"v","S","J"],[749.487,-16.724,-1393.028,0.721,0,-0.693,0,1,0,0.693,0,0.721,-11.438,0,-11.188,"S","J"],[749.294,-16.724,-1393.213,0.728,0,-0.686,0,1,0,0.686,0,0.728,-11.538,0,-11.085,"S","J"],[749.101,-16.724,-1393.396,0.731,0,-0.683,0,1,0,0.683,0,0.731,-11.638,0,-10.979,"S","J"],[748.906,-16.724,-1393.578,0.74,0,-0.673,0,1,0,0.673,0,0.74,-11.689,0,-10.925,"S","J"],[748.709,-16.724,-1393.758,0.746,0,-0.666,0,1,0,0.666,0,0.746,-11.835,0,-10.767,"S","J"],[748.461,-16.724,-1393.98,0.752,0,-0.659,0,1,0,0.659,0,0.752,-11.934,0,-10.657,"S","J"],[748.31,-16.724,-1394.112,0.755,0,-0.656,0,1,0,0.656,0,0.755,-12.026,0,-10.553,"S","J"],[748.109,-16.724,-1394.287,0.758,0,-0.652,0,1,0,0.652,0,0.758,-12.078,0,-10.494,"S","J"],[747.907,-16.724,-1394.461,0.761,0,-0.649,0,1,0,0.649,0,0.761,-12.125,0,-10.439,"S","J"],[747.704,-16.724,-1394.635,0.767,0,-0.642,0,1,0,0.642,0,0.767,-12.173,0,-10.384,"S","J"],[747.5,-16.724,-1394.806,0.767,0,-0.642,0,1,0,0.642,0,0.767,-12.265,0,-10.274,"S","J"],[747.296,-16.724,-1394.977,0.77,0,-0.639,0,1,0,0.639,0,0.77,-12.267,0,-10.272,"S","J"],[747.084,-16.726,-1395.101,0.794,-0.003,-0.609,-0.004,1,-0.01,0.609,0.01,0.793,-12.631,-0.049,-8.114,"S","J"],[746.865,-16.726,-1395.227,0.791,-0.001,-0.612,-0.001,1,-0.004,0.612,0.004,0.791,-12.622,0.027,-8.965,"S","J"],[746.712,-16.725,-1395.361,0.808,-0.001,-0.589,-0.001,1,-0.003,0.589,0.003,0.808,-7.034,0.021,-8.628,"S","J"],[746.632,-16.725,-1395.518,0.879,-0.002,-0.477,-0.001,1,-0.007,0.477,0.006,0.879,-6.131,0.026,-1.209,"S","J"],[746.534,-16.726,-1395.367,1,-0.001,-0.018,0.001,1,-0.018,0.018,0.018,1,-4.125,-0.019,-2.415,"S","J"],[746.238,-16.727,-1395.127,0.6,0.005,0.8,0.001,1,-0.007,-0.8,0.006,0.6,-10.52,0.064,-6.676,"S","J"],[746.063,-16.726,-1395.123,-0.316,0,0.949,-0.002,1,-0.001,-0.949,-0.002,-0.316,-10.193,0.052,3.78,"S",1],[745.893,-15.843,-1395.06,-0.407,-0.004,0.914,-0.002,1,0.003,-0.914,-0.001,-0.407,-10.192,53,3.782,3,"J"],[745.723,-14.959,-1394.997,0.03,-0.007,1,-0.001,1,0.007,-1,-0.001,0.03,-10.192,53,3.785,"S","J"],[745.553,-14.076,-1394.934,0.879,-0.007,0.476,0.003,1,0.008,-0.476,-0.006,0.879,-10.192,53,3.786,5,0],[745.407,-13.227,-1394.879,0.83,0,-0.558,0.002,1,0.004,0.558,-0.004,0.829,-7.897,49.731,3.02,"S",1],[745.299,-12.432,-1394.837,0.82,0,-0.572,0.001,1,0.001,0.572,-0.001,0.82,-5.645,46.46,2.142,"S","J"],[745.229,-11.692,-1394.811,0.819,0,-0.573,0,1,0,0.573,0,0.819,-3.409,43.19,1.281,"S","J"],[745.195,-11.006,-1394.798,0.819,0,-0.574,0,1,0,0.574,0,0.819,-1.177,39.92,0.439,"S","J"],[745.191,-10.375,-1394.797,0.819,0,-0.574,0,1,0,0.574,0,0.819,-0.032,36.65,0.011,"S","J"],[745.191,-9.798,-1394.797,0.819,0,-0.574,0,1,0,0.574,0,0.819,-0.001,33.38,0,"S","J"],[745.191,-9.276,-1394.797,0.819,0,-0.574,0,1,0,0.574,0,0.819,0,30.11,0,"S","J"],[745.205,-8.808,-1394.817,0.842,0,-0.54,0,1,0,0.54,0,0.842,1.352,26.84,-1.969,"S",0],[745.241,-8.395,-1394.871,0.829,0,-0.559,0,1,0,0.559,0,0.829,2.691,23.57,-3.941,"S","J"],[745.3,-8.036,-1394.957,0.827,0,-0.562,0,1,0,0.562,0,0.827,4.03,20.3,-5.913,"S","J"],[745.381,-7.731,-1395.076,0.827,0,-0.562,0,1,0,0.562,0,0.827,5.369,17.03,-7.885,"S","J"],[745.457,-7.531,-1395.187,0.827,0,-0.562,0,1,0,0.562,0,0.827,4.028,11.315,-5.914,12,"J"],["s","v","S",1],[745.187,-6.776,-1394.79,0.827,0,-0.562,0,1,0,0.562,0,0.827,-16.204,44.02,23.832,3,"J"],[744.904,-6.077,-1394.429,0.875,0,-0.484,0,1,0,0.484,0,0.875,-16.948,40.75,20.706,5,"J"],[744.631,-5.432,-1394.105,0.892,0,-0.452,0,1,0,0.452,0,0.892,-16.012,37.48,18.872,"S","J"],[744.376,-4.841,-1393.808,0.894,0,-0.448,0,1,0,0.448,0,0.894,-14.886,34.21,17.186,"S","J"],[744.141,-4.305,-1393.54,0.894,0,-0.448,0,1,0,0.448,0,0.894,-13.745,30.94,15.513,"S","J"],[743.924,-3.823,-1393.3,0.894,0,-0.448,0,1,0,0.448,0,0.894,-12.61,27.67,13.837,"S","J"],["s","v","S",0],[743.712,-3.396,-1393.094,0.932,0,-0.363,0,1,0,0.363,0,0.932,-12.773,24.4,11.466,"S","J"],[743.551,-3.112,-1392.965,0.962,0,-0.273,0,1,0,0.273,0,0.962,-12.887,21.948,9.771,"S","J"],[743.282,-2.706,-1392.767,0.994,0,-0.111,0,1,0,0.111,0,0.994,-12.906,17.86,9.47,"S","J"],[743.067,-2.442,-1392.609,1,0,0.022,0,1,0,-0.022,0,1,-12.905,14.59,9.468,"S","J"],[742.853,-2.233,-1392.451,0.988,0,0.155,0,1,0,-0.155,0,0.988,-12.862,11.32,9.525,"S","J"],[742.692,-2.112,-1392.331,0.967,0,0.253,0,1,0,-0.253,0,0.967,-12.86,8.868,9.526,"S","J"],[742.424,-1.978,-1392.133,0.912,0,0.41,0,1,0,-0.41,0,0.912,-12.858,4.78,9.525,"S","J"],[742.21,-1.933,-1391.974,0.85,0,0.527,0,1,0,-0.527,0,0.85,-12.857,1.51,9.525,"S","J"],[742.049,-1.934,-1391.855,0.793,0,0.61,0,1,0,-0.61,0,0.793,-12.856,-0.942,9.524,"S","J"],[741.781,-2.005,-1391.656,0.681,0,0.733,0,1,0,-0.733,0,0.681,-12.855,-5.03,9.523,"S","J"],[741.567,-2.123,-1391.498,0.577,0,0.816,0,1,0,-0.816,0,0.577,-12.854,-8.3,9.522,"S","J"],["s","v","S","J"],[741.368,-2.295,-1391.321,0.669,0,0.743,0,1,0,-0.743,0,0.669,-11.501,-11.57,11.106,"S","J"],[741.225,-2.46,-1391.18,0.645,0,0.764,0,1,0,-0.764,0,0.645,-11.398,-14.022,11.227,"S","J"],[740.988,-2.803,-1390.947,0.588,0,0.809,0,1,0,-0.809,0,0.588,-11.392,-18.11,11.233,"S","J"],[740.846,-3.05,-1390.806,0.639,0,0.769,0,1,0,-0.769,0,0.639,-11.392,-20.562,11.234,"S","J"],[740.656,-3.427,-1390.619,0.613,0,0.79,0,1,0,-0.79,0,0.613,-11.392,-23.832,11.233,"S","J"],[740.418,-3.486,-1390.385,0.687,0,0.726,0,1,0,-0.726,0,0.687,-11.401,-0.177,11.225,7,"J"],[740.276,-3.487,-1390.245,0.712,0,0.702,0,1,0,-0.702,0,0.712,-11.4,-0.009,11.226,"S","J"],[740.086,-3.587,-1390.058,0.712,0,0.702,0,1,0,-0.702,0,0.712,-11.4,-7.7,11.226,8,"J"],[739.849,-3.799,-1389.824,0.713,0,0.702,0,1,0,-0.702,0,0.713,-11.4,-11.788,11.226,"S","J"],[739.659,-4.029,-1389.637,0.713,0,0.702,0,1,0,-0.702,0,0.713,-11.4,-15.058,11.226,"S","J"],[739.516,-4.238,-1389.497,0.713,0,0.702,0,1,0,-0.702,0,0.713,-11.4,-17.51,11.226,"S","J"],[739.326,-4.463,-1389.31,0.713,0,0.702,0,1,0,-0.702,0,0.713,-11.4,-5.639,11.226,"S","J"],[739.089,-4.463,-1389.076,0.713,0,0.702,0,1,0,-0.702,0,0.713,-11.4,1.142,11.226,"S","J"],[738.946,-4.449,-1388.936,0.713,0,0.702,0,1,0,-0.702,0,0.713,-11.4,1.084,11.226,"S","J"],[738.709,-4.432,-1388.702,0.713,0,0.702,0,1,0,-0.702,0,0.713,-11.4,0.594,11.226,"S","J"],[738.519,-4.425,-1388.515,0.713,0,0.702,0,1,0,-0.702,0,0.713,-11.4,0.332,11.226,"S","J"],[738.377,-4.422,-1388.375,0.713,0,0.702,0,1,0,-0.702,0,0.713,-11.4,0.212,11.226,"S","J"],[738.187,-4.42,-1388.188,0.709,0,0.705,0,1,0,-0.705,0,0.709,-11.4,0.116,11.226,"S","J"],[737.997,-4.419,-1388,0.703,0,0.711,0,1,0,-0.711,0,0.703,-11.35,0.063,11.277,"S","J"],[737.81,-4.418,-1387.811,0.693,0,0.721,0,1,0,-0.721,0,0.693,-11.249,0.035,11.378,"S","J"],[737.624,-4.417,-1387.619,0.683,0,0.73,0,1,0,-0.73,0,0.683,-11.094,0.019,11.53,"S","J"],[737.442,-4.417,-1387.424,0.673,0,0.739,0,1,0,-0.739,0,0.673,-10.936,0.01,11.679,"S","J"],[737.262,-4.417,-1387.228,0.673,0,0.739,0,1,0,-0.739,0,0.673,-10.776,0.006,11.827,"S","J"],[737.037,-4.417,-1386.981,0.67,0,0.742,0,1,0,-0.742,0,0.67,-10.772,0,11.83,"S","J"],["s","v","S","J"],[736.861,-4.453,-1386.781,0.628,0,0.778,0,1,0,-0.778,0,0.628,-10.56,-3.401,12.02,"S","J"],[736.729,-4.461,-1386.631,0.657,0,0.754,0,1,0,-0.754,0,0.657,-10.556,-0.179,12.024,"S","J"],[736.509,-4.462,-1386.381,0.659,0,0.752,0,1,0,-0.752,0,0.659,-10.556,-0.001,12.024,"S","J"],[736.377,-4.462,-1386.231,0.66,0,0.752,0,1,0,-0.752,0,0.66,-10.556,0,12.024,"S",1],[736.201,-3.599,-1386.03,0.66,0,0.752,0,1,0,-0.752,0,0.66,-10.556,50.547,12.024,3,"J"],[736.025,-2.791,-1385.83,0.588,0,0.809,0,1,0,-0.809,0,0.588,-10.556,47.277,12.024,5,"J"],["s","v","S",0],[735.825,-1.857,-1385.564,0.439,0,0.899,0,1,0,-0.899,0,0.439,-9.378,43.19,12.962,"S","J"],[735.709,-1.337,-1385.401,0.497,0,0.867,0,1,0,-0.867,0,0.497,-9.309,40.737,13.013,"S","J"],[735.515,-0.54,-1385.13,0.435,0,0.901,0,1,0,-0.901,0,0.435,-9.305,36.65,13.016,"S","J"],[735.399,-0.102,-1384.967,0.49,0,0.872,0,1,0,-0.872,0,0.49,-9.249,34.197,13.056,"S","J"],[735.246,0.434,-1384.749,0.456,0,0.89,0,1,0,-0.89,0,0.456,-9.188,30.927,13.099,"S","J"],[735.055,1.027,-1384.475,0.422,0,0.906,0,1,0,-0.906,0,0.422,-9.127,26.84,13.141,"S",1],[734.942,1.342,-1384.31,0.478,0,0.879,0,1,0,-0.879,0,0.478,-9.07,24.387,13.181,"S","J"],[734.792,1.715,-1384.09,0.432,0,0.902,0,1,0,-0.902,0,0.432,-9.009,21.117,13.223,"S","J"],[734.645,2.033,-1383.867,0.407,0,0.913,0,1,0,-0.913,0,0.407,-8.771,17.847,13.382,"S","J"],[734.504,2.296,-1383.641,0.378,0,0.926,0,1,0,-0.926,0,0.378,-8.406,14.577,13.614,"S","J"],[734.37,2.505,-1383.41,0.353,0,0.936,0,1,0,-0.936,0,0.353,-7.97,11.307,13.873,"S","J"],[734.211,2.689,-1383.117,0.308,0,0.951,0,1,0,-0.951,0,0.308,-7.584,7.22,14.089,"S","J"],[734.119,2.759,-1382.94,0.35,0,0.937,0,1,0,-0.937,0,0.35,-7.398,4.767,14.187,"S","J"],[734,2.805,-1382.701,0.288,0,0.958,0,1,0,-0.958,0,0.288,-7.071,1.497,14.353,"S","J"],[733.889,2.795,-1382.459,0.244,0,0.97,0,1,0,-0.97,0,0.244,-6.614,-1.773,14.569,"S","J"],[733.788,2.732,-1382.212,0.2,0,0.98,0,1,0,-0.98,0,0.2,-5.95,-5.043,14.852,"S","J"],[733.699,2.614,-1381.961,0.169,0,0.986,0,1,0,-0.986,0,0.169,-5.27,-8.313,15.107,"S","J"],[733.598,2.389,-1381.643,0.132,0,0.991,0,1,0,-0.991,0,0.132,-4.778,-12.4,15.27,"S","J"],[733.539,2.214,-1381.452,0.197,0,0.98,0,1,0,-0.98,0,0.197,-4.709,-14.853,15.291,"S",0],[733.441,1.853,-1381.133,0.132,0,0.991,0,1,0,-0.991,0,0.132,-4.705,-18.94,15.293,"S","J"],[733.363,1.504,-1380.879,0.164,0,0.986,0,1,0,-0.986,0,0.164,-4.705,-22.21,15.293,"S","J"],[733.304,1.206,-1380.687,0.197,0,0.98,0,1,0,-0.98,0,0.197,-4.705,-24.663,15.293,"S","J"],[733.226,0.761,-1380.432,0.164,0,0.986,0,1,0,-0.986,0,0.164,-4.705,-27.933,15.293,"S","J"],[733.128,0.128,-1380.114,0.132,0,0.991,0,1,0,-0.991,0,0.132,-4.705,-32.02,15.293,"S","J"],[733.069,-0.293,-1379.923,0.219,0,0.976,0,1,0,-0.976,0,0.219,-4.705,-34.473,15.293,"S","J"],[732.985,-0.902,-1379.669,0.231,0,0.973,0,1,0,-0.973,0,0.231,-5.044,-37.743,15.184,"S","J"],[732.868,-1.739,-1379.358,0.247,0,0.969,0,1,0,-0.969,0,0.247,-5.729,-41.83,14.939,"S","J"],[732.789,-1.786,-1379.174,0.414,0,0.91,0,1,0,-0.91,0,0.414,-6.433,6.134,14.649,7,"J"],[732.643,-1.556,-1378.874,0.489,0,0.872,0,1,0,-0.872,0,0.489,-7.06,10.485,14.358,"S","J"],[732.513,-1.439,-1378.641,0.57,0,0.822,0,1,0,-0.822,0,0.57,-7.882,5.4,13.923,8,"J"],[732.415,-1.392,-1378.467,0.68,0,0.733,0,1,0,-0.733,0,0.68,-7.897,2.947,13.915,"S","J"],[732.195,-1.337,-1378.218,0.778,0,0.628,0,1,0,-0.628,0,0.778,-10.857,2.165,11.748,"S","J"],[731.993,-1.302,-1378.045,0.811,0,0.585,0,1,0,-0.585,0,0.811,-12.341,1.815,10.179,"S","J"],[731.838,-1.296,-1377.918,0.822,0,0.569,0,1,0,-0.569,0,0.822,-12.369,0.14,10.149,"S",1],[731.632,-0.423,-1377.749,0.83,0,0.558,0,1,0,-0.558,0,0.83,-12.369,51.365,10.149,3,"J"],[731.359,0.596,-1377.558,0.767,0,0.642,0,1,0,-0.642,0,0.767,-13.269,47.277,8.939,5,"J"],[731.192,1.167,-1377.449,0.797,0,0.604,0,1,0,-0.604,0,0.797,-13.431,44.825,8.695,"S","J"],[730.965,1.88,-1377.308,0.789,0,0.614,0,1,0,-0.614,0,0.789,-13.63,41.555,8.381,"S","J"],[730.678,2.694,-1377.14,0.777,0,0.63,0,1,0,-0.63,0,0.777,-13.819,37.467,8.065,"S","J"],[730.504,3.142,-1377.041,0.817,0,0.577,0,1,0,-0.577,0,0.817,-13.923,35.015,7.884,"S","J"],[730.272,3.692,-1376.909,0.797,0,0.603,0,1,0,-0.603,0,0.797,-13.928,31.745,7.874,"S",0],[729.973,4.302,-1376.762,0.818,0,0.575,0,1,0,-0.575,0,0.818,-14.418,27.657,6.93,"S","J"],[729.792,4.627,-1376.676,0.854,0,0.52,0,1,0,-0.52,0,0.854,-14.423,25.205,6.923,"S","J"],[729.552,5.013,-1376.56,0.837,0,0.548,0,1,0,-0.548,0,0.837,-14.423,21.935,6.922,"S",1],[729.312,5.345,-1376.445,0.837,0,0.548,0,1,0,-0.548,0,0.837,-14.423,18.665,6.922,"S","J"],[729.071,5.622,-1376.329,0.837,0,0.548,0,1,0,-0.548,0,0.837,-14.423,15.395,6.922,"S","J"],[728.831,5.844,-1376.214,0.837,0,0.548,0,1,0,-0.548,0,0.837,-14.423,12.125,6.922,"S","J"],[728.591,6.012,-1376.098,0.837,0,0.548,0,1,0,-0.548,0,0.837,-14.423,8.855,6.922,"S","J"],[728.351,6.126,-1375.983,0.837,0,0.548,0,1,0,-0.548,0,0.837,-14.423,5.585,6.922,"S","J"],[728.11,6.185,-1375.867,0.837,0,0.548,0,1,0,-0.548,0,0.837,-14.423,2.315,6.922,"S","J"],[727.87,6.189,-1375.752,0.837,0,0.548,0,1,0,-0.548,0,0.837,-14.423,-0.955,6.922,"S","J"],[727.63,6.139,-1375.636,0.837,0,0.548,0,1,0,-0.548,0,0.837,-14.423,-4.225,6.922,"S","J"],[727.329,6,-1375.492,0.818,0,0.575,0,1,0,-0.575,0,0.818,-14.422,-8.313,6.922,"S","J"],[727.149,5.876,-1375.405,0.854,0,0.52,0,1,0,-0.52,0,0.854,-14.423,-10.765,6.922,"S","J"],[726.909,5.662,-1375.29,0.837,0,0.548,0,1,0,-0.548,0,0.837,-14.423,-14.035,6.922,"S","J"],[726.668,5.394,-1375.174,0.837,0,0.548,0,1,0,-0.548,0,0.837,-14.423,-17.305,6.922,"S","J"],[726.428,5.072,-1375.059,0.834,0,0.552,0,1,0,-0.552,0,0.834,-14.423,-20.575,6.922,"S","J"],[726.188,4.695,-1374.943,0.834,0,0.552,0,1,0,-0.552,0,0.834,-14.392,-23.845,6.986,"S","J"],[725.948,4.263,-1374.826,0.832,0,0.555,0,1,0,-0.555,0,0.832,-14.391,-27.115,6.987,"S","J"],[725.709,3.778,-1374.709,0.832,0,0.555,0,1,0,-0.555,0,0.832,-14.36,-30.385,7.051,"S","J"],[725.469,3.237,-1374.591,0.832,0,0.555,0,1,0,-0.555,0,0.832,-14.36,-33.655,7.052,"S","J"],[725.23,2.642,-1374.474,0.829,0,0.559,0,1,0,-0.559,0,0.829,-14.36,-36.925,7.053,"S","J"],[724.991,1.993,-1374.356,0.829,0,0.559,0,1,0,-0.559,0,0.829,-14.328,-40.195,7.116,"S","J"],[724.693,1.104,-1374.208,0.807,0,0.59,0,1,0,-0.59,0,0.807,-14.327,-44.283,7.117,"S",0],[724.514,0.53,-1374.118,0.845,0,0.535,0,1,0,-0.535,0,0.845,-14.297,-46.735,7.18,"S","J"],[724.276,-0.283,-1373.998,0.827,0,0.563,0,1,0,-0.563,0,0.827,-14.294,-50.005,7.183,"S","J"],[723.978,-1.376,-1373.849,0.807,0,0.59,0,1,0,-0.59,0,0.807,-14.294,-54.093,7.182,"S","J"],[723.799,-2.072,-1373.759,0.845,0,0.535,0,1,0,-0.535,0,0.845,-14.295,-56.545,7.183,"S","J"],[723.501,-1.959,-1373.609,0.871,0,0.49,0,1,0,-0.49,0,0.871,-14.305,18.99,7.167,8,1],[723.203,-0.875,-1373.46,0.876,0,0.482,0,1,0,-0.482,0,0.876,-14.305,50.547,7.167,3,"J"],[722.967,-0.067,-1373.335,0.83,0,0.557,0,1,0,-0.557,0,0.83,-14.108,47.277,7.548,5,"J"],[722.791,0.504,-1373.24,0.827,0,0.562,0,1,0,-0.562,0,0.827,-14.071,44.825,7.616,"S","J"],[722.557,1.217,-1373.112,0.803,0,0.595,0,1,0,-0.595,0,0.803,-14.035,41.555,7.682,"S","J"],[722.266,2.032,-1372.951,0.78,0,0.626,0,1,0,-0.626,0,0.78,-14,37.467,7.747,"S","J"],[722.091,2.48,-1372.854,0.82,0,0.573,0,1,0,-0.573,0,0.82,-13.966,35.015,7.807,"S","J"],[721.8,3.158,-1372.691,0.777,0,0.63,0,1,0,-0.63,0,0.777,-13.964,30.927,7.81,"S","J"],[721.626,3.524,-1372.592,0.814,0,0.58,0,1,0,-0.58,0,0.814,-13.93,28.475,7.87,"S",0],[721.336,4.066,-1372.427,0.771,0,0.637,0,1,0,-0.637,0,0.771,-13.893,24.387,7.936,"S","J"],[721.163,4.351,-1372.327,0.812,0,0.584,0,1,0,-0.584,0,0.812,-13.858,21.935,7.997,"S","J"],[720.875,4.757,-1372.161,0.765,0,0.644,0,1,0,-0.644,0,0.765,-13.857,17.847,8,"S","J"],[720.702,4.959,-1372.059,0.804,0,0.595,0,1,0,-0.595,0,0.804,-13.787,15.395,8.119,"S","J"],[720.473,5.182,-1371.923,0.781,0,0.625,0,1,0,-0.625,0,0.781,-13.747,12.125,8.186,"S","J"],[720.244,5.35,-1371.786,0.775,0,0.632,0,1,0,-0.632,0,0.775,-13.71,8.855,8.249,"S","J"],[720.017,5.463,-1371.646,0.772,0,0.635,0,1,0,-0.635,0,0.772,-13.635,5.585,8.372,"S","J"],[719.79,5.522,-1371.506,0.769,0,0.639,0,1,0,-0.639,0,0.769,-13.596,2.315,8.435,"S","J"],[719.508,5.519,-1371.329,0.745,0,0.668,0,1,0,-0.668,0,0.745,-13.557,-1.773,8.497,"S","J"],[719.339,5.477,-1371.222,0.784,0,0.62,0,1,0,-0.62,0,0.784,-13.52,-4.225,8.556,"S","J"],["s","v","S","J"],[719.163,5.404,-1371.128,0.898,0,0.439,0,1,0,-0.439,0,0.898,-14.338,-6.678,6.968,"S","J"],[718.917,5.258,-1371.024,0.867,0,0.498,0,1,0,-0.498,0,0.867,-14.776,-9.948,6.132,"S","J"],[718.671,5.058,-1370.922,0.861,0,0.508,0,1,0,-0.508,0,0.861,-14.758,-13.218,6.18,"S","J"],[718.426,4.804,-1370.818,0.861,0,0.509,0,1,0,-0.509,0,0.861,-14.73,-16.488,6.247,"S","J"],[718.18,4.495,-1370.714,0.861,0,0.509,0,1,0,-0.509,0,0.861,-14.729,-19.758,6.248,"S","J"],[717.934,4.132,-1370.61,0.861,0,0.509,0,1,0,-0.509,0,0.861,-14.729,-23.028,6.248,"S","J"],[717.689,3.714,-1370.506,0.861,0,0.509,0,1,0,-0.509,0,0.861,-14.729,-26.298,6.248,"S","J"],[717.443,3.242,-1370.402,0.861,0,0.509,0,1,0,-0.509,0,0.861,-14.729,-29.568,6.248,"S","J"],[717.198,2.715,-1370.298,0.861,0,0.509,0,1,0,-0.509,0,0.861,-14.729,-32.838,6.248,"S","J"],[716.891,1.98,-1370.168,0.853,0,0.522,0,1,0,-0.522,0,0.853,-14.729,-36.925,6.248,"S","J"],[716.644,1.33,-1370.067,0.885,0,0.466,0,1,0,-0.466,0,0.885,-14.838,-40.195,5.985,"S","J"],[716.456,0.807,-1369.997,0.915,0,0.403,0,1,0,-0.403,0,0.915,-15.013,-42.648,5.531,"S","J"],[716.203,0.062,-1369.913,0.915,0,0.404,0,1,0,-0.404,0,0.915,-15.209,-45.918,4.968,"S","J"],["s","v","S","J"],[715.949,-0.532,-1369.849,0.932,0,0.363,0,1,0,-0.363,0,0.932,-22.927,-48.37,5.259,7,"J"],[715.46,-1.06,-1369.749,0.931,0,0.366,0,1,0,-0.366,0,0.931,-33.158,-5.641,6.436,"S","J"],[714.616,-0.894,-1369.565,0.939,0,0.345,0,1,0,-0.345,0,0.939,-45.391,9.949,10.438,8,"J"],[713.988,-0.789,-1369.415,0.973,0,0.231,0,1,0,-0.231,0,0.973,-52.754,7.573,12.773,"S","J"],[713.104,-0.696,-1369.122,0.971,0,0.241,0,1,0,-0.241,0,0.971,-53.099,4.303,18.904,"S","J"],[712.254,-0.659,-1368.797,0.98,0,0.2,0,1,0,-0.2,0,0.98,-50.641,1.033,19.593,"S","J"],[711.451,-0.693,-1368.381,0.988,0,0.155,0,1,0,-0.155,0,0.988,-47.23,-3.291,27.152,"S","J"],[710.714,-0.782,-1367.842,0.993,0,0.114,0,1,0,-0.114,0,0.993,-42.846,-6.561,34.609,"S","J"],[710.015,-0.925,-1367.285,0.999,0,-0.032,0,1,0,0.032,0,0.999,-41.383,-9.831,32.712,"S","J"],[709.341,-1.123,-1366.759,0.995,0,-0.096,0,1,0,0.096,0,0.995,-39.921,-13.101,30.828,"S","J"],[708.691,-1.375,-1366.265,0.991,0,-0.133,0,1,0,0.133,0,0.991,-38.459,-16.371,28.945,"S","J"],[707.912,-1.768,-1365.691,0.978,0,-0.208,0,1,0,0.208,0,0.978,-36.632,-20.458,26.592,"S",1],[707.455,-1.109,-1365.359,0.953,0,-0.303,0,1,0,0.303,0,0.953,-36.632,52.182,26.592,5,"J"],[706.714,-0.072,-1364.834,0.995,0,0.102,0,1,0,-0.102,0,0.995,-34.816,48.095,24.244,"S","J"],[706.288,0.508,-1364.543,0.997,0,0.081,0,1,0,-0.081,0,0.997,-33.726,45.642,22.827,"S","J"],[705.741,1.235,-1364.182,0.993,0,0.116,0,1,0,-0.116,0,0.993,-32.272,42.372,20.938,"S","J"],[705.218,1.907,-1363.853,0.993,0,0.117,0,1,0,-0.117,0,0.993,-30.818,39.102,19.047,"S","J"],[704.599,2.671,-1363.486,0.989,0,0.15,0,1,0,-0.15,0,0.989,-29.002,35.015,16.685,"S","J"],[704.245,3.088,-1363.289,0.997,0,0.083,0,1,0,-0.083,0,0.997,-27.912,32.562,15.267,"S","J"],[703.795,3.597,-1363.054,0.993,0,0.117,0,1,0,-0.117,0,0.993,-26.459,29.292,13.377,"S","J"],[703.369,4.051,-1362.851,0.993,0,0.117,0,1,0,-0.117,0,0.993,-25.005,26.022,11.486,"S","J"],[702.871,4.542,-1362.641,0.989,0,0.145,0,1,0,-0.145,0,0.989,-23.189,21.935,9.123,"S","J"],[702.59,4.795,-1362.539,0.997,0,0.074,0,1,0,-0.074,0,0.997,-22.105,19.482,7.701,"S","J"],[702.237,5.086,-1362.431,0.995,0,0.103,0,1,0,-0.103,0,0.995,-20.668,16.212,5.799,"S","J"],[701.907,5.322,-1362.354,0.995,0,0.103,0,1,0,-0.103,0,0.995,-19.242,12.942,3.889,"S","J"],[701.601,5.504,-1362.309,0.995,0,0.103,0,1,0,-0.103,0,0.995,-17.816,9.672,1.978,"S","J"],[701.319,5.631,-1362.296,0.995,0,0.103,0,1,0,-0.103,0,0.995,-16.39,6.402,0.068,"S","J"],[700.985,5.713,-1362.305,0.991,0,0.136,0,1,0,-0.136,0,0.991,-15.994,2.315,-0.463,"S","J"],[700.785,5.722,-1362.311,0.998,0,0.07,0,1,0,-0.07,0,0.998,-15.992,-0.138,-0.467,"S","J"],[700.519,5.685,-1362.318,0.995,0,0.103,0,1,0,-0.103,0,0.995,-15.992,-3.408,-0.467,"S","J"],[700.252,5.595,-1362.326,0.995,0,0.103,0,1,0,-0.103,0,0.995,-15.992,-6.678,-0.467,"S","J"],[699.985,5.449,-1362.334,0.995,0,0.103,0,1,0,-0.103,0,0.995,-15.992,-9.948,-0.467,"S",0],[699.661,5.191,-1362.379,0.964,0,0.267,0,1,0,-0.267,0,0.964,-15.256,-14.035,-3.355,"S","J"],[699.474,4.995,-1362.436,0.936,0,0.352,0,1,0,-0.352,0,0.936,-14.817,-16.488,-5.09,"S","J"],[699.233,4.686,-1362.543,0.894,0,0.447,0,1,0,-0.447,0,0.894,-14.319,-19.758,-7.049,"S","J"],[698.995,4.323,-1362.663,0.85,0,0.526,0,1,0,-0.526,0,0.85,-14.286,-23.028,-7.182,"S","J"],[698.757,3.905,-1362.783,0.807,0,0.59,0,1,0,-0.59,0,0.807,-14.286,-26.298,-7.187,"S","J"],[698.518,3.433,-1362.903,0.766,0,0.643,0,1,0,-0.643,0,0.766,-14.286,-29.568,-7.188,"S","J"],[698.28,2.906,-1363.023,0.728,0,0.686,0,1,0,-0.686,0,0.728,-14.286,-32.838,-7.189,"S","J"],[698.042,2.324,-1363.143,0.693,0,0.721,0,1,0,-0.721,0,0.693,-14.287,-36.108,-7.19,"S","J"],[697.765,1.521,-1363.323,0.677,0,0.736,0,1,0,-0.736,0,0.677,-12.641,-40.195,-9.674,"S","J"],[697.612,0.998,-1363.452,0.673,0,0.74,0,1,0,-0.74,0,0.673,-12.146,-42.648,-10.405,"S","J"],[697.41,0.253,-1363.626,0.67,0,0.742,0,1,0,-0.742,0,0.67,-12.119,-45.918,-10.445,"S","J"],[697.208,-0.546,-1363.8,0.667,0,0.745,0,1,0,-0.745,0,0.667,-12.119,-49.188,-10.446,"S","J"],[697.007,-1.295,-1363.975,0.666,0,0.746,0,1,0,-0.746,0,0.666,-12.073,-27.395,-10.5,7,"J"],[696.806,-1.351,-1364.151,0.665,0,0.747,0,1,0,-0.747,0,0.665,-12.025,3.177,-10.555,"S","J"],[696.558,-1.253,-1364.373,0.665,0,0.747,0,1,0,-0.747,0,0.665,-11.928,4.484,-10.664,8,"J"],[696.403,-1.2,-1364.589,0.684,0,0.73,0,1,0,-0.73,0,0.684,-8.924,2.674,-13.268,"S","J"],[696.255,-1.171,-1364.811,0.706,0,0.708,0,1,0,-0.708,0,0.706,-8.865,1.524,-13.32,"S","J"],[696.107,-1.154,-1365.033,0.725,0,0.689,0,1,0,-0.689,0,0.725,-8.863,0.831,-13.321,"S","J"],[695.961,-1.145,-1365.255,0.741,0,0.671,0,1,0,-0.671,0,0.741,-8.804,0.448,-13.36,"S","J"],[695.815,-1.141,-1365.479,0.755,0,0.656,0,1,0,-0.656,0,0.755,-8.743,0.24,-13.4,"S","J"],[695.67,-1.138,-1365.703,0.768,0,0.641,0,1,0,-0.641,0,0.768,-8.682,0.129,-13.439,"S","J"],[695.526,-1.137,-1365.927,0.778,0,0.628,0,1,0,-0.628,0,0.778,-8.621,0.069,-13.479,"S","J"],[695.384,-1.136,-1366.152,0.788,0,0.616,0,1,0,-0.616,0,0.788,-8.56,0.037,-13.518,"S","J"],[695.244,-1.136,-1366.38,0.797,0,0.604,0,1,0,-0.604,0,0.797,-8.378,0.02,-13.631,"S","J"],[695.107,-1.135,-1366.608,0.806,0,0.592,0,1,0,-0.592,0,0.806,-8.191,0.011,-13.744,"S","J"],[694.976,-1.135,-1366.841,0.816,0,0.579,0,1,0,-0.579,0,0.816,-7.818,0.006,-13.96,"S","J"],[694.855,-1.135,-1367.078,0.827,0,0.563,0,1,0,-0.563,0,0.827,-7.245,0.003,-14.265,"S","J"],[694.745,-1.135,-1367.321,0.839,0,0.544,0,1,0,-0.544,0,0.839,-6.592,0.002,-14.578,"S","J"],[694.648,-1.135,-1367.57,0.854,0,0.52,0,1,0,-0.52,0,0.854,-5.725,0.001,-14.94,"S","J"],["s","v","S","J"],[694.579,-1.135,-1367.895,0.879,0,0.478,0,1,0,-0.478,0,0.879,-3.078,0,-15.699,"S","J"],[694.536,-1.135,-1368.158,0.899,0,0.437,0,1,0,-0.437,0,0.899,-2.568,0,-15.792,"S","J"],[694.497,-1.135,-1368.422,0.917,0,0.4,0,1,0,-0.4,0,0.917,-2.277,0,-15.837,"S","J"],[694.463,-1.135,-1368.687,0.931,0,0.364,0,1,0,-0.364,0,0.931,-2.059,0,-15.867,"S","J"],[694.432,-1.135,-1368.951,0.943,0,0.332,0,1,0,-0.332,0,0.943,-1.843,0,-15.893,"S","J"],[694.405,-1.135,-1369.217,0.953,0,0.302,0,1,0,-0.302,0,0.953,-1.627,0,-15.917,"S","J"],[694.378,-1.169,-1369.482,0.962,0,0.271,0,1,0,-0.271,0,0.962,-1.622,-3.27,-15.918,"S","J"],[694.35,-1.258,-1369.747,0.971,0,0.241,0,1,0,-0.241,0,0.971,-1.622,-6.54,-15.918,"S","J"],[694.323,-1.401,-1370.012,0.978,0,0.21,0,1,0,-0.21,0,0.978,-1.622,-9.81,-15.918,"S","J"],[694.296,-1.598,-1370.277,0.984,0,0.179,0,1,0,-0.179,0,0.984,-1.622,-13.08,-15.918,"S",1],[694.269,-0.725,-1370.542,0.989,0,0.148,0,1,0,-0.148,0,0.989,-1.622,51.365,-15.918,3,"J"],[694.267,0.097,-1370.807,0.993,0,0.114,0,1,0,-0.114,0,0.993,0.761,48.095,-15.895,5,"J"],[694.3,0.864,-1371.072,0.997,0,0.079,0,1,0,-0.079,0,0.997,2.364,44.825,-15.817,"S","J"],[694.344,1.577,-1371.334,0.999,0,0.045,0,1,0,-0.045,0,0.999,2.711,41.555,-15.771,"S","J"],[694.39,2.236,-1371.597,1,0,0.015,0,1,0,-0.015,0,1,2.718,38.285,-15.769,"S","J"],[694.433,2.84,-1371.86,1,0,-0.011,0,1,0,0.011,0,1,2.578,35.015,-15.793,"S","J"],[694.474,3.389,-1372.124,1,0,-0.031,0,1,0,0.031,0,1,2.434,31.745,-15.815,"S","J"],[694.513,3.884,-1372.388,0.999,0,-0.048,0,1,0,0.048,0,0.999,2.361,28.475,-15.826,"S","J"],[694.55,4.325,-1372.652,0.998,0,-0.061,0,1,0,0.061,0,0.998,2.219,25.205,-15.846,"S","J"],[694.586,4.711,-1372.916,0.997,0,-0.072,0,1,0,0.072,0,0.997,2.146,21.935,-15.856,"S","J"],[694.621,5.042,-1373.18,0.997,0,-0.08,0,1,0,0.08,0,0.997,2.073,18.665,-15.866,"S","J"],[694.656,5.319,-1373.445,0.996,0,-0.087,0,1,0,0.087,0,0.996,2.072,15.395,-15.866,"S","J"],[694.689,5.542,-1373.71,0.996,0,-0.093,0,1,0,0.093,0,0.996,2.001,12.125,-15.875,"S","J"],[694.721,5.71,-1373.974,0.995,0,-0.097,0,1,0,0.097,0,0.995,1.929,8.855,-15.883,"S","J"],[694.753,5.823,-1374.239,0.995,0,-0.1,0,1,0,0.1,0,0.995,1.857,5.585,-15.892,"S","J"],[694.782,5.882,-1374.504,0.995,0,-0.102,0,1,0,0.102,0,0.995,1.785,2.315,-15.9,"S","J"],[694.81,5.887,-1374.769,0.995,0,-0.102,0,1,0,0.102,0,0.995,1.642,-0.955,-15.916,"S","J"],[694.835,5.837,-1375.035,0.995,0,-0.102,0,1,0,0.102,0,0.995,1.498,-4.225,-15.93,"S","J"],[694.859,5.733,-1375.301,0.995,0,-0.1,0,1,0,0.1,0,0.995,1.424,-7.495,-15.936,"S","J"],[694.881,5.574,-1375.566,0.995,0,-0.098,0,1,0,0.098,0,0.995,1.281,-10.765,-15.948,"S","J"],[694.901,5.36,-1375.832,0.995,0,-0.095,0,1,0,0.095,0,0.995,1.207,-14.035,-15.954,"S","J"],[694.919,5.092,-1376.098,0.996,0,-0.091,0,1,0,0.091,0,0.996,1.063,-17.305,-15.964,"S","J"],[694.937,4.77,-1376.365,0.996,0,-0.088,0,1,0,0.088,0,0.996,1.061,-20.575,-15.965,"S","J"],[694.953,4.393,-1376.631,0.996,0,-0.084,0,1,0,0.084,0,0.996,0.99,-23.845,-15.969,"S","J"],[694.97,3.961,-1376.897,0.997,0,-0.081,0,1,0,0.081,0,0.997,0.988,-27.115,-15.969,"S","J"],[694.985,3.475,-1377.163,0.997,0,-0.078,0,1,0,0.078,0,0.997,0.917,-30.385,-15.973,"S","J"],[694.999,2.935,-1377.429,0.997,0,-0.075,0,1,0,0.075,0,0.997,0.845,-33.655,-15.977,"S","J"],[695.012,2.34,-1377.695,0.997,0,-0.071,0,1,0,0.071,0,0.997,0.772,-36.925,-15.981,"S","J"],[695.025,1.69,-1377.961,0.998,0,-0.068,0,1,0,0.068,0,0.998,0.771,-40.195,-15.981,"S",0],[695.037,0.986,-1378.228,0.998,0,-0.065,0,1,0,0.065,0,0.998,0.699,-43.465,-15.984,"S","J"],[695.049,0.228,-1378.494,0.998,0,-0.062,0,1,0,0.062,0,0.998,0.698